// s1-A.pxg 평탄화 격자 32x32
22244444444444444444444444444222
44444444444444444444444444444444
44455555555555555555555555555444
44433333333333333333333333333441
54411111111111111111111111111454
44453444444444444444444444234444
44453432222222253333333333231444
44453432222222253333333333231444
44453432244466453333333333231444
54453432255444453333333333231444
44453432254444453333333333231444
44453432244444453333333333231444
44453432244444453333333333231444
22253432244444453333333333231222
66653432244444453333333333231666
55553432244444453333324333231555
22253432244444453333324333231222
44453432244444453333324333231442
44453432244444453333324333231442
44453432244444453333324333231442
44453432244444453333324333231442
44453432555555553333332333231442
44453433333333333333333333231442
44453433333333333333333333231442
44453433333333333333333333231442
44453433333333333333333333231442
44453433333333333333333333231442
44453433333333333333333333231442
44453433333333333333333333231442
44453433333333333333333333231444
33353433333333333333333333231333
11153......................31111
