// s1-C.pxg 평탄화 격자 32x32
33344444444444444444444444444333
44444444444444444444444444444444
54444444444444444444444444444444
44422222222222222222222222222440
44400000000000000000000000000444
44442555555555555555555555125555
44442542222222214444444444120444
44442542222222214444444444120444
44442542244444414444444444120444
44442542244466414444444444120444
44442542244446414444444444120444
44442542244444414444444444120444
44442542244444414444444444120444
33342542244444414444444444120333
44442542211111114444444444120444
22242542244444414444414444120222
11142542244444414444414444120111
24342542244444414444414444120433
24342542244444414444414444120433
24342542244444414444414444120433
24342542244444414444414444120433
24342542111111114444442444120433
24342544444444444444444444120433
24342544444444444444444444120433
24342555555555555555555555120433
24342544444444444444444444120433
24342555555555555555555555120433
24342544444444444444444444120433
24342544444444444444444444120433
44442544444444444444444444120444
22242544444444444444444444120222
00042......................20000
