// j3-A.pxg 평탄화 격자 32x32
22222222222232222222222222222222
22222222222222422222222222222222
22222222222222422222222222222222
22222221222222434442222222222222
22112222212222422222222222222222
22222222222222222222222222222212
22222222224322321222222222222222
22222222224222422222222222122222
22222222224222422222222222222222
22122222224344234244422222222222
22222222222222222222222222222222
22122222222222222222222222222222
22222221222222422122222222222222
22222222222222232222222322222222
22222222212222422222222222222222
22221312221222332222222222222222
22222222212222422222222222122222
22222222222222432222222221222222
22222222222442322224222222222222
22212222222423222222222222222222
22222222222222212222322222222222
22222222222244222222222222222222
22222222222242222222222122222232
22222222221242222222222222222222
22222222222233244222222222222222
22222222222222242242222322222122
22222222222243422242222222222222
22222222221432321342222222222222
22222222222422422242221222222112
22222222222222422223222222222222
21222122222222422222322222222222
22222222222222222322222222222322
