// j3-C.pxg 평탄화 격자 32x32
22222222222222222222222222222222
22222222223222422222222222222222
22222122222222221222222222222222
22222222222222434442322222222222
12222222222222432222222222222222
21222222222222422222222222222222
22222222224322222222222222222222
22222212224222122222222222222222
22222222224222422222222222222222
22221222222322234424422222222222
22222222222222222222222222222222
22222222222222222222212222222222
23222224222222222224222222222322
22222222322222222224222222222222
22222224222212232222324422222222
22222223322222222222224224222222
22222224222222222222342224222222
22222222322222222223232224222222
21222423222222222242242224232222
22224222222232222222242222322222
22222222222222222222242122232222
22222222222222222222222222222222
22222222222222222222222222222222
22222222212222222222222222222222
22222222222222222222122222121222
44444444444444444444444444444442
43333333333333333333333333333332
22222222222222222222222222222222
22222212222222222222222222222222
22222222222222322122222222222222
22222223222222222222222222222222
22222222222222222222322222222222
