// h34-B.pxg 평탄화 격자 16x32
4444444444444444
4444444444444444
4444444444444444
4444444444444444
4444444444444444
4455555555555554
4555555555555554
4555555555535454
4545555253535454
4544552253535454
4465555656565644
4444444444444464
4555555555555554
4525555554555354
4555552554555354
4522225554565354
4444444444444464
4645555554545454
4545355554555254
4544325554555254
4445555554555254
4644444444444464
4444444444444444
4444444444454444
4444444444554444
4444444444554444
4444444444444664
4444444444444444
4444444444444444
4444466666444444
4444666666444444
4446666666666444
