// j3-A.pxg 평탄화 격자 16x32
................
.00000000000000.
0444444444444441
0333333333333331
0111111111111101
0344444444442101
0325454545422101
0324444444422101
0323333333322101
0323333333322101
0325454545422101
0324444444422101
0323333333322101
0323333333322101
0325454545422101
0324444444422101
0323333333322101
0311111111112101
0322222222222101
0325325321452101
0323323321112101
0322222222222101
0326666626662101
0323000323032101
0322222222222101
0324555555552101
0322222222222101
0320000000002101
0111111111111001
0222222222222221
..~~~~~~~~~~~~~.
....-----------.
