// hf5-A.pxg 평탄화 격자 32x32
00000000000000000000000000000000
03333333333333330222222222222222
03222222222222220211111111111111
03222222222222220211111111111111
03222222222222220211111111111111
03222222222222220211111111111111
03222222211222220211112211111111
03222222122222220211111111111111
03222211222222220211111111111111
03222122222222220211111111111111
03222222222222220211111111111111
03222222222222220211111111111111
03222222222222220211111111111111
03222222222222220211111111111111
03222222222222220211111111111111
03222222222222220211111111111111
00000000000000000000000000000000
02222222222222220333333333333333
02111111111111110322222222222222
02111111111111110322222222222222
02111111112211110322222222222222
02111111111121110322222222222222
02111111111111110322222223222222
02111111111111110322222332222222
02111111111111110322223222222222
02111111111111110322332222222222
02111111111111110322222222222222
02111111111111110322222222222222
02111111111111110322222222222222
02111111111111110322222222222222
02111111111111110322222222222222
02111111111111110322222222222222
