// hf5-C.pxg 평탄화 격자 32x32
00000000000000000000000000000000
03333333333302222222222222220333
03222222222202111111111111110322
03221122222232111111111111110322
03222122222232111111111111110322
03222212222202111111111111110322
03222222222202111111111111110322
00000000000002111111111111110322
02222222222203300000000000000000
02111111111103333333333302222222
02111111111103222222222202111111
02111111111103222222222202111111
02111111111103222222222202111111
02111111111103222222222202111111
02111111111103222222222202111111
02111111111103222222222202111111
00000000000000000000000000000000
03333333333333330222222222222222
33222222222222220211111111111111
33222222222222220211111111111111
03222222222222223211111111111111
03222222222222223211111111111111
03222222222222220211111111111111
03222222222222220211111111111111
00000003000000000000000000000000
02222203333333333333022222222222
02111103222222222222021111111111
02111133222222222222021111111111
02111103222222222222021111111111
02111103222222222222021111111111
02111103222222222222021111111111
02111103222222222222021111111111
