// h150-C.pxg 평탄화 격자 16x32
.55555555555555.
5666655555566555
5665555555555555
6666666666666651
3333333333333331
6522222222222251
6524442222444251
6524442222444251
6524442222444251
6523332222333251
6545551221432151
6546661221435151
6546361221455151
6536661221322151
6553335555333551
6555555555555551
6666666666666651
3333333333333331
6522222222222251
6522222222222251
6522244444422251
6522244444422251
6522244444422251
6522233333322251
6522155555512251
6522144444212251
6522144444412251
6522142552212251
6522132552312251
6555533333355551
6555555555555551
3333333333333331
