// h150-D.pxg 평탄화 격자 16x32
.33333333333333.
3577666666667743
3477666446667743
3677666666666433
4444444554444423
3111111221111133
3422222222222223
3422552222552223
3424542224542243
3420520220520243
3425434025252043
3424414025252043
3424434025352043
3421221021551043
3420110220110243
3776666466666643
3666666666666433
4444444444444423
3111111111111133
3422225552222223
3422245542222243
3422205220222243
3422544442122243
3422544422122243
3422526222122243
3422524622122243
3422522221022243
3422011110222243
3776666666666443
3666666666666433
4444444444444423
3111111111111133
