// hf6-B.pxg 평탄화 격자 32x32
11111111111111111111111111111111
33333333333333333333333333333333
22222222212222222222222222222222
22222222212222222222222222222222
22222222212222222222222222222222
22222222212222222222222222222222
22222222212222222222222222222222
22222222212222222222222222222222
22223333333333222222222222222222
22222222212222222222222222222222
22222222212222222222222222222222
22222222212222222222222222222222
22222222212222222222222222222222
22222222212222222222222222222222
22222222212222222222222222222222
22222222212222222222222222222222
11111111111111111111111111111111
33333333333333333333333333333333
22222222222222222222222212222222
22222222222222222222222212222222
22222222222222222222222212222222
22222222222222222222222212222222
22222222222222222222222212222222
22222222222222222222222212222222
22222222222222222233333333322222
22222222222222222222222212222222
22222222222222222222222212222222
22222222222222222222222212222222
22222222222222222222222212222222
22222222222222222222222212222222
22222222222222222222222212222222
22222222222222222222222212222222
