// hf6-C.pxg 평탄화 격자 32x32
11111111111111111111111111111111
33333333313333333333333333333333
33333334314333233333333333333333
33332233314333322333333333333333
33332333314333333333333333333333
33333333314133333343333333333333
33333333314333333333332233333333
33334444444433333333333233333333
33333333313333333333333333334333
33333333313333333333333333113333
33333333313332333333333333313333
33333333343332233333333333333333
33322333313333333333333333333333
33332333313333333113333333333333
33333333313333333313333433322333
33333333313333333333333333323333
11111111111111111111111111111111
33333333333333333333333313333333
33333333333333313333333313333333
33333322333333113333433313333333
33333332333333333333333313233333
33333333313333333333333313233333
33334333313333333322333313333333
33333333333333333332333313333333
33311333334333333333333313333333
33331333333333333333333313333333
33333333333333334333331113332333
33333333333333333333312213332233
33333333333322333333331113333333
33333333333332333333331313433333
33333333333333333333311313333333
33333333333333333333333313333333
