// hf6-A.pxg 평탄화 격자 32x32
22222222222222222222222222222222
33333333323333333333333333333333
33333333323333333333333333333333
33333333323333333333333333333333
33333333323333333333333333333333
33333333323333333333333333333333
33344444444433444333333333333333
33333333323333333333333333333333
33333333323333333333333333333333
33333333323333333333333333333333
33333333323333333333311133333333
33333333323333333333111113333333
33333333323333333333311133333333
33333333323333333333333333333333
33333333323333333333333333333333
33333333323333333333333333333333
22222222222222222222222222222222
33333333333333333333333323333333
33333333333333333333333323333333
33333333333333333333333323333333
33333333333333333333333323333333
33333333333333333333333323333333
33333333333333333333333323333333
33333333333333333333333323333333
33333333333333333333333323333333
33333323333333333333333323333333
33333332233333333333333323333333
33333333333333333333333323333333
33333333333333333333333323333333
33333333333333333333333323333333
33333333333333333333333323333333
33333333333333333333333323333333
