// hf3-B.pxg 평탄화 격자 16x32
................
................
1111111111111111
1666666666666651
1555555555555541
1653333333333541
1653111111113541
1653144444413541
1653142222313541
1653142222313541
1653142222313541
1653142222313541
1653142222313541
1653142222313541
1653143333313541
1653111111113541
1653111111113541
1653144444413541
1656652665366541
1653135323533541
1653146232213541
1653166665513541
1653165034313541
1653165032313541
1653163332313541
1653140000313541
1653142222313541
1653142222313541
1653143333313541
1653111111113541
1653000000003541
1111111111111111
