// hf3-C.pxg 평탄화 격자 16x32
................
................
0000000000000000
0555555555555540
0444444444444430
0541111111111430
0541423242324430
0541423242324430
0541423232324430
0541222222224430
0541353333534430
0541111111114430
0541423242224430
0541423242324430
0545542554355430
0542424242424430
0541452242424430
0541555544324430
0541540242224430
0541540242224430
0541522242224430
0541400002224430
0541222222224430
0541353333534430
0541111111114430
0541422242324430
0541422242324430
0541423242324430
0541423242324430
0541423242324430
0541423242324430
0000000000000000
