// v3-A.pxg 평탄화 격자 48x16
333333324333233333333343434434233333334343333333
343433322234343433433332222222234343422222333433
222223212233222332223333233212333222332423432223
321234333333323321223333334333333323333333321223
333332333333333333333333333333333333333333333334
333344343434333333333333333333343433434333323434
433322232224434323443434434333242322222234333322
223212233233322223332222222232123333212322233332
233333333333332133333233212323333333333212233333
333333333333333333333343333333333333333333333333
434343343433343333434334333333333343343434334343
322233222223242332222222233434343222332223322222
332334321232122333212212233322232122434233332123
333333333333333333233333333332433333233333333434
333333334333233333333333333333333333333323333333
333333333333333333333333333333333333333333333333
