// v5-A.pxg 평탄화 격자 48x16
122222222213322221332211221111121212222212223221
111223133331211222222122132232221322221211221122
221331223123222222122212121111122222311222222332
222232223322332222222322221112332322322223223222
222123112112122231223311323231333113322231221212
222111221232222221222123132113321121112222111212
221331111121132212312322312222233323311132333212
222122112323222122321111122222221223232232223113
322223321112223322122221222113221222332132111222
222213122313122222232233122221233231223122222332
122113222212212312222332212221133212122211131312
212223112111121211112223211223212231211222211231
312213223133132322233221112232222333231232222331
222221221212211311223212221332322323233221333223
321232212131133212321112332212121111233233232121
233311222321212213112222332331212312222221221212
