// v6-A.pxg 평탄화 격자 48x16
221113322222244422222222222222222222122222222333
222211222224442211001241332222224411122222244422
222122222111242222111242222000222422122222222222
233133233211122222221221002222222422333222222222
331122222222220022222222222122222212114442222222
221111222222444222222222222122220014422222221122
221222222222222214444400224222221211122221222211
112222313222222212222234424332222004442221044244
200022210042222212223331221122222222222222222222
244222222242223322222200023332222233222222222222
222222223332222223322222222222222223342224222222
222244221112112214444222333222112100142224332222
111112224422222221112222222222111211211332222221
221002422223331123324442222222121222222222222332
221213432222444222222222421122221332222221133222
201022222222222232222222423322231111122222333222
