// w2-A.pxg 평탄화 격자 48x16
333333333333333333333333333333333333333333333333
333333333323333333333333333333333333333333333333
332233333322333333323333333333333333333333323333
333233333333333333324333332433333332233333322333
333333333333333333332333332333333333233333333333
333333433333333333333333333333433333333333433333
333333333333333333333333433333333333333333333333
343333333333223333333333333333333333333333343333
333333333333333333333332333333333333333223323333
333333333333333333333332333333333333333333333333
333332333333333333333333333322333333333333333333
333322333333333333233333333332333333333333333323
333333333433333333233333333333333323333333333223
333333333343332333333333333333333322333334333333
333333322333333333333433333322333333333333333333
333333323333333333333333333333333333333333333333
