// w2-C.pxg 평탄화 격자 48x16
333333333333333333322233333333333333333333322233
332223333333333333222223333333333333333333222223
322222333333333333322233333444333333333333322233
332223333344333333333333334444433334443333333333
333333334444333333333333333444333344444333333333
333333333443333333333433333333333334443333333443
223333333333333233333433333333233333333333333663
223333333333332233333333333333233333333333333333
233333333333332233222233333333333333333333333333
333333333333333332222233333333333333222333333333
334433333322333333222333333443333332222233334443
334433333222233333333333344443333333222333344443
333333333322333333333333334433333333333333344333
333333333333333333333323333333333333333333333333
333333333333333333333323333333333333333333333333
333333333333333333333333333333333333333333333333
