// wv2-B.pxg 평탄화 격자 48x16
333333333333333333333333333333333333333333333333
333333333333333333333333333333333333333332333333
333333333333333333333333443333333333333333333333
333443333333333333333333432333333333333333333333
333432333333333333333333323333333333333333333333
333323333333333333333333333333333333333333333333
333333333333333333333333333333333344333333333333
333333333333333333333333333333333343233333333333
333333333333333333333333333333333332333333333333
333333333333333333333333333333333333333333333333
333333333333443333333333333333333333333333333333
333333333333322333443333333333333333333333333333
333333333333333333322333333333333333333333333333
333333333333333333333333333333333333333333344333
333333333333333333333333333333333333333333332233
333333333333333333333333333333333333333333333333
