// wv2-C.pxg 평탄화 격자 48x16
333333333333333333333333333333333333333333333333
333333333333333333333333333333333333333333333333
333333333333333333333333333333333333333333332423
333333333333333333333333242333333333333333333233
333242333333333333333333323333333333333333333333
333323333333333333333333333333333333333333333333
333333333333333333333333333333333333333333333333
333333333333333333333333333333333333324233333333
333333333333333333333333333333333333332333333333
333333333333333333333333333333333333333333333333
333333333333333333242333333333333333333333333333
333333333324233333323333333333333333333333333333
333333333332333333333333333333333333333333333333
333333333333333333333333333332333323333333333333
333333333333333333333333333333333333333333333333
333333333333333333333333333333333333333333333333
