// wv2-A.pxg 평탄화 격자 48x16
333333333333333333333333333333333333333333333333
333333333333333333343333333333333333333333333333
334333333333333333322333333333333333333334433333
332333333333333333333333333333333333333332223333
333333333333333333333333333343333333333333333333
333333333333333333333333333323333333333333333333
333333333333333333333333333333333333333333333333
333333333333333333333333333333333333333333333333
333333333334333333333333333333333333333333333333
333333333332333333333334333333333333333333333333
333333333333333333333332233333333333333333333333
333333333333333333333333333333333334333333333333
333333333333333333333333333333333333333333333233
333333433333333333433333333332333333333333333333
333333333333333333333333333333333333333333333333
333333333333333333333333333333333333333333333333
