// s1-A.pxg 평탄화 격자 16x32
2222222222222222
4444444444444444
4444444444444444
4444444444444444
5444454444544445
4444444444444444
4444444444444444
4444444444444444
4444444444444444
5444444544444454
4444444444444444
4444444444444444
4444444444444444
2222222222222222
6666666666666666
5555555555555555
2222222222222222
4445444244454442
4445444244454442
4445444244454442
4445444244454442
4445444244454442
4445444244454442
4445444244454442
4445444244454442
4445444244454442
4445444244454442
4445444244454442
4445444244454442
4444444444444444
3333333333333333
1111111111111111
