// s1-B.pxg 평탄화 격자 16x32
2222222222222222
2222222222222222
2222222222222222
3533333335333333
3533333335333333
3533333335333333
3533333335333333
4544444445444444
4544444445444444
4544444445444444
4544444445444444
4544444445444444
4544444445444444
3333333333333333
6666666666666666
5555555555555555
1111111111111111
2222222222222222
3554332235543322
3554332235543322
3554332235543322
3554332235543322
3554332235543322
3554332235543322
3554332235543322
3554332235543322
3554332235543322
3554332235543322
3554332235543322
4444444444444444
3333333333333333
1111111111111111
