// s1-C.pxg 평탄화 격자 16x32
3333333333333333
4444444444444444
5444544454445444
4444444444444444
4444444444444444
4444444444444444
4444444444444444
4444444444444444
4444444444444444
4444444444444444
4444444444444444
4444444444444444
4444444444444444
3333333333333333
4444444444444444
2222222222222222
1111111111111111
2433243324332433
2433243324332433
2433243324332433
2433243324332433
2433243324332433
2433243324332433
2433243324332433
2433243324332433
2433243324332433
2433243324332433
2433243324332433
2433243324332433
4444444444444444
2222222222222222
0000000000000000
