// s4-A.pxg 평탄화 격자 32x32
................................
54555555555555555555555555555555
53333333333333333333333333333333
53000000444000000000033000000000
53444111432113333311131444114441
53432144333113213144431432444321
53333142432443333143231432424321
53432142432423213133331432334321
53432142432423213143231432424321
53432142432423213143231432424321
53432142432423213143231432424321
55555555555555555555555555555555
33333444333333333333333333311113
53441432114443311131444114411111
53421333444323111131432444311311
53421432423333133331333424313311
53421432424323132131432424313311
53421432424323133331432424343111
53421432424323132131432424343111
53421432424323132131432424341111
55555555555555555555555555555555
33333334443333333333444333333333
53111444321133333111432144111441
53444424324432131333432142444421
53432334324232133321432133432331
53432424323332131321432142432421
53432424324232131321432142432421
53432424324232131321432142432421
53432424324232131321432142432421
55555555555555555555555555555555
22222222222222222222222222222222
~~~~~~~~~~~~~~~~~~~~~~~~~~~~~~~~
