// j3-A.pxg 평탄화 격자 16x32
................
.11111111111111.
1444444444444440
1333333333333330
1111111111111100
1333333333332100
1314343435412100
1313331334212100
1311111112212100
1311111111112100
1315443434312100
1314233313312100
1312211111112100
1311111111112100
1314343544312100
1313331443112100
1311111221112100
1300000000002100
1322222222222100
1325325321442100
1323323321112100
1322222222222100
1326666626662100
1323000323032100
1322222222222100
1324555555552100
1322222222222100
1320000000002100
1111111111111000
1222222222222220
..~~~~~~~~~~~~~.
....-----------.
