// v35-A.pxg 평탄화 격자 16x32
.11111111111111.
1555555555555551
1555555555555551
4444444444444440
4333333333333330
4311133333111330
4111111111111110
4111111111111110
4333333333333310
4355055055031110
4333033033034410
4311111111133310
4355055055034410
4333033033033310
4311111111134410
4355055055033310
4333033033033310
4311111111133310
4333333333331110
4111111111111110
4333333333333330
4322222222221110
4311111111111110
4311111111113310
4311111111111110
4311111111115510
4311111111113310
4333333333333330
4111111111111110
1111111111111111
1111111111111111
0000000000000000
