// h35-D.pxg 평탄화 격자 16x32
.55555555555555.
4444444444444444
3333355555533333
2222232333322222
4322222222222232
4354425442544232
4354425442544232
4354425442544232
4355555555555532
4335544444455332
4332222222222332
4354425442544232
4354425442544232
4354425442544232
4354425445544232
4354425544544232
4354425544544232
4354455555544232
4354454444334232
4354454004334232
4354454004334232
4354433332224232
4354425442544232
4354425442544232
4355555555555532
4335544444455332
4332222222222332
4354425442544232
4354425442544232
4354425442544232
4354425442544232
.32222222222222.
