// h35-E.pxg 평탄화 격자 16x32
.55555555555555.
6555555555555554
5444444444444432
4333333333333321
4322222222222221
4333333333333321
4346666666666521
4336333333336321
4344444444444321
4333333323333321
4333333333333221
4322222222222221
4344444444444321
4333333553333221
4333335335333221
4333355555533321
4333345555543321
4333344004423321
4333343003423321
4333332222223321
4333333333333221
4322222222222221
4344444444444321
4333332333333221
4346666666666521
4336333333336321
4344444444444321
4333333333333221
4333333333333221
4322222222222221
4333333333333221
.32222222222222.
