// h35-A.pxg 평탄화 격자 16x32
.55555555555555.
4444444444444444
3333333333333333
2222222222222222
4322222222222232
4354425442544232
4354425442544232
4354425442544232
4344444444444432
4335333333335332
4322222222222232
4354425442544232
4354425442544232
4354425442544232
4354425442544232
4354425443544232
4354425443544232
4354455555344232
4354454004344232
4354454004344232
4354454444344232
4354433332244232
4354425442544232
4354425442544232
4344444444444432
4335333333335332
4322222222222232
4354425442544232
4354425442544232
4354425442544232
4354425442544232
.32222222222222.
