// h35-C.pxg 평탄화 격자 16x32
.55555555555555.
4444444444444444
3333333333333333
2222222222222222
4322222222222221
4354425442544221
4354425442544221
4354425442544221
4355555555555521
4335333333335321
4311111111111121
4354425442544221
4354425442544221
4354425442544221
4354425555244221
4354445454444221
4354455555544221
4354434004344221
4354434004344221
4354422222244221
4354425442544221
4354425442544221
4354425442544221
4355555555555521
4335333333335321
4311111111111121
4354425442544221
4354425442544221
4354425442544221
4354425442544221
4354425442544221
.22222222222222.
