// h35-B.pxg 평탄화 격자 16x32
.56666666666664.
4555555555555553
4333333333333321
4333323332333321
4344424442444321
4365526552655321
4365426552645321
4355555555555521
4346444444446421
4322222222222221
4365526552655321
4365526542655321
2265526552655311
4365526442655321
4365523552655321
4365566666455321
4365555114255321
4365555144255321
4365554444255321
4365533222155321
4365526552655321
4365526552645321
2265526552655311
4365426552655321
4355555555555521
4346444444446421
4322222222222221
4365526552655321
4365526552645321
2265526552655311
4333323332333221
3222222222222221
