// h4-C.pxg 평탄화 격자 32x32
22222222222222222222222222222222
33333111113331111133331111133333
31111222224432222211112222234434
13463655524353655526436555254434
13616655524443655521636555244444
31333655524443655523316555244444
34444655523443655524446555244444
34445655521114655524436555211144
34444655524643655524456555265314
34444655526163655524443652416314
44444655523333655523443652333144
34444655524443655525433323344344
34444365234444655524443423344444
31111365234443655521114333355444
13464342334443655526433333454444
13616432334443655521633334344444
31333333344443655523313343344534
34444333434444365244443433344444
34444334331113365245444333311144
34444343334653332344453333464314
34444433336163342344443334316314
34444333343333433344443343333144
34445333434444333344443433344444
55555555555555555555555555555555
22222222222222222222222222222222
32213221322132213221322132213221
43314331433143314331433143314331
43314331433143314331433143314331
43314331433143314331433143314331
43314331433143314331433143314331
43314331433143314331433143314331
11111111111111111111111111111111
