// w1-A.pxg 평탄화 격자 48x32
................................................
................................................
655565556555655565556555655565556555655565556555
444444444444444444444444444444444444444444444444
333333333333333333333333333333333333333333333333
534444444444443253444444444444325344444444444432
534444444444443253444444444444325344444444444432
534544466444343253454446644434325345444664443432
534444433444443253444443344444325344444334444432
535444111144433253544411114443325354441111444332
534411111111443253441111111144325344111111114432
534111111111143253411111111114325341111111111432
531222211111113253122221111111325312222111111132
512222211111115251222221111111525322222111111132
512222211111115251222222221111525322222111111132
512115555551115251222225121111525323555555553132
512224443331115251222225121111525322244433311132
512224443331115251222225122111525322244433311132
512224443331115251225556555111525322244433311132
512224466331115251221113311111525322244663311132
512224433331115251222225122111525322244333311132
512224443331115251222225121111525322244433311132
512224443331115251222225121111525322244433311132
512224443331115251222225121111525322244433311132
512224443331115251222225121111525322244433311132
512224411331115251222225121111525322244113311132
512224411331115251222225111111525322244113311132
512222211111115251222225111111525322222111111132
445555555555554444555555555555444455555555555544
555555555555555555555555555555555555555555555555
222222222222222222222222222222222222222222222222
111111111111111111111111111111111111111111111111
