// h89-D.pxg 평탄화 격자 16x32
.11111111111111.
1666666666666531
1677777666665531
1666666666655531
1555544444443321
1555555555444311
1333333333333321
1366636666355531
1355535555355421
1355435545354421
1352235225322421
1355535555355421
1344434444344321
1333333333333321
1366636666355531
1355535555355421
1355435545354421
1352235225322421
1355535555355421
1344434444344321
1333333333333321
1366636666355531
1355535555355421
1355435545354421
1352235225322421
1355535555355421
1344434444344321
1333333333333321
1645466666643531
1533444444334431
.16311111111331.
.1331.......311.
