// s3-A.pxg 평탄화 격자 16x32
.66666666666666.
5555555555555555
4444444444444441
4544444444444231
4543333333333231
4543333333333231
4543333333363231
4543333333313231
4543333333333231
4542222222222231
2222222222222222
5555555555555555
1111111111111111
4545555204555521
4543333204333321
4542222234222221
4543333254333321
4543333234333321
4543333234333321
4543333234333321
4543333254333321
4544444234444421
4543336234633321
4543335234533321
4543335254533321
4543333234333321
4543333234333321
4511111131111111
3333333333333333
0000000000000000
.~~~~~~~~~~~~~~.
.--------------.
