// s3-B.pxg 평탄화 격자 16x32
.66666666666666.
5555555555555555
4444444444444441
4444444444444231
4443333333333231
4443333333363231
4443333333313231
4443333333333231
4442222222222231
2222222222222222
5555555555555555
1111111111111111
4445555204555521
4443333204333321
4442222224222221
4443333254333321
4443333224333321
4443333224333321
4443333224333321
4443333254333321
4444444224444421
4443336224633321
4443335224533321
4443335254533321
4443333224333321
4443333224333321
4443333224333321
4411111121111111
3333333333333333
0000000000000000
.~~~~~~~~~~~~~~.
.--------------.
