// hf3-B.pxg 평탄화 격자 16x32
................
................
0000000000000000
0666666666666650
0555555555555540
0653333333333540
0653000000003540
0653000000003540
0653055555503540
0653022222203540
0653000000003540
0653066666603540
0653061541303540
0653061541303540
0653061541303540
0653061541303540
0653061541303540
0653063333303540
0653000000003540
0653000000003540
0653000000003540
0653000006503540
0653000004303540
0653000000003540
0653000000003540
0653055555503540
0653022222203540
0653000000003540
0653000000003540
0653000000003540
0653000000003540
2222222222222222
