// hf3-A.pxg 평탄화 격자 16x32
................
................
0000000000000000
0555555555555540
0444444444444430
0542222222222320
0542322222213320
0542322222213320
0542354554513320
0542311111113320
0542322222213320
0542324444213320
0542324321213320
0542324321213320
0542324321213320
0542324321213320
0542324111213320
0542322222213320
0542322222213320
0542322222213320
0542311111113320
0542322222213320
0542322225413320
0542322223213320
0542322222213320
0542322222213320
0542354554513320
0542322111113320
0542322222213320
0542311222213320
0542322222213320
1111111111111111
