// hf3-C.pxg 평탄화 격자 16x32
................
................
0000000000000000
0555555555555540
0444444444444430
0542222222222320
0542322222213320
0542352222513320
0542322222213320
0542322222213320
0542352222513320
0542322222213320
0542320000013320
0542344444413320
0542324444213320
0542324111213320
0542324111213320
0542324111213320
0542324111213320
0542322222213320
0542300000013320
0542344444413320
0542322225413320
0542352222513320
0542322332213320
0542322332213320
0542322112213320
0542322222213320
0542352222513320
0542322222213320
0542322222213320
1111111111111111
