// h34-B.pxg 평탄화 격자 16x32
4665555555655555
6666555555555655
6666666665555555
4666444444444433
1433333330000131
1411111310143331
1414331310143331
1414331310143331
1414331310143331
1414331310143331
1414331310143331
1414331310143331
1414331310143331
1414331310143331
1414331310143331
1414331310143331
1414336310163331
1414331310143331
1414331310143331
1414331310143331
1414331310143331
1414331310143331
1414331310143331
1414331310143331
1414331310143331
1411111310143331
1433333330143331
1444444440444441
1333333330333331
1333333333333331
1111111111111111
13.............1
