// h5-A.pxg 평탄화 격자 16x32
................
0553355335533550
0444444444444440
0333333333333330
0111111111111110
0544444221043310
0544444221043310
0522222221043310
0524445221043310
0524445221043310
0524445221043310
0524445221043310
0521445221043310
0521445221043310
0524145221043310
0524443221041310
0524445221043310
0524445221043310
0524445221043310
0524445221043310
0524445221043310
0524445221043310
0524445221043310
0524445221043310
0525555221043310
0544444221043310
0544444221043310
0333333333333330
0222222222222220
0000000000000000
................
................
