// h5-B.pxg 평탄화 격자 16x32
................
0633556633666660
0555555555555550
0444444444444440
0111111111111110
0655555221032210
0655555221032210
0652222221032210
0655556221032210
0655556221032210
0655556221032210
0655556221032210
0655556221032210
0655556221032210
0655556221032210
0655553221031210
0655555221033210
0655556221032210
0655556221032210
0655556221032210
0655556221032210
0655556221032210
0655556221032210
0655556221032210
0656666221032210
0655555221032210
0655555221032210
0444444444444440
0222222222222220
0000000000000000
..~~~~~~~~~~~~~.
....-----------.
