// h5-C.pxg 평탄화 격자 16x32
................
0555555555555550
0444444444444440
0333333333333330
0111111111111110
0544444221111110
0544444220000013
0522222220000013
0524445220000013
0524445221111113
0524445220200013
0524445220200013
0524445220200243
0524445220200023
0524445220200013
0524443220200013
0524445220000013
0524445220000013
0524445220606013
0524445220303013
0524445220000013
0524445220000013
0524445220000013
0524445220000013
0525555220000013
0544444220000013
0544444220000013
0333333333333330
0222222222222220
0000000000000000
................
................
