// j4-A.pxg 평탄화 격자 64x48
1111111111111111111111111111111111111111111111111111111111111111
5555555555555555555555555555555555555555555555555555555555555555
1333331333331333331333331333331333331333331333331333331333331333
1333331333331333331333331333331333331333331333331333331333331333
3331333331333331333331333331333331333331333331333331333331333331
2222222222222222222222222222222222222222222222222222222222222222
1111111111111111111111111111111111111111111111111111111111111111
0000000000000000000000000000000000000000000000000000000000000000
0000000000000000000000000000000000000000000000000000000000000000
0111101000000110132222222222222222222222222222111100000001110111
0111101000000110132222222222222222222222222222111100000001110111
0111101111111110132000000000000000000000000002111101111111110111
0111101133331110132000000000000000000000000002111101333311110111
0322201433332120332243222221322522132222212222122214333321220322
0322201433332120332243222221325552132222212222122214333321220322
0222212222222210232243222221355555132222212222122122222222120222
0222214433332210232243222221325552132222212222122144333322120222
0222214433332210232243222221022522102222212222122144333322120222
0322212222222210332243222221022222102222212222122122222222120322
0322214433332210332243222221022222102222212222122144333322120322
0322212222222210332243222221022222102222212222122122222222120322
0322201333332120332241111111111111111111111422122213333321220322
0322201222222120332222222222222222222222222222122212222221220322
0322203122221220332244444245554255554244444222122201222212220322
0222202211112220232244444244444244444244444222122202111122220222
0222202000000220232244444244444244444244444222122200000002220222
0222202000000220232244444244444244444244444222122200000002220222
0322203224432220332244444244444244444244444222122203244032220322
0322203224432220332244444244444244444244444222122203244032220322
0322203224432220332244444244444244444244444222122203244032220322
0322203222032220332244444444444444444444444422122203222032220322
0322233333333330332222222222222222222222222222122333333333120322
0322234444244420332244444244444244444244444222122333333333120322
0222234444244420232244444244444244444244444222122311111111120222
0222234444244420232233334233334233334233334222122313313333120222
0222234444244420232233334233334233334233334222122313311111120222
0322234444444420332233334233334233334233334222122311111111120322
0322232222222220332233334233334233334233334222122313313311120322
0322234444244420332233334233334233334233334222122311111111120322
0322233333333320332233334233334233334233334222122311111111120322
0322233333333320333333333333333333333333333333122313313333120322
0322232222222220332222222222222222222222222222122111111111120322
0222111111111111232222222222222222222222222222122202222022220222
3333333333333333333333333333333333333333333333333333333333333333
1222222212222222122222221222222212222222122222221222222212222222
2222222222222222222222222222222222222222222222222222222222222222
1222222212222222122222221222222212222222122222221222222212222222
1111111111111111111111111111111111111111111111111111111111111111
