// j4-B.pxg 평탄화 격자 64x48
1111111111111111111111111111111111111111111111111111111111111111
5555555555555555555555555555555555555555555555555555555555555555
1333331333331333331333331333331333331333331333331333331333331333
1333331333331333331333331333331333331333331333331333331333331333
3331333331333331333331333331333331333331333331333331333331333331
2222222222222222222222222222222222222222222222222222222222222222
1111111111111111111111111111111111111111111111111111111111111111
0000000000000000000000000000000000000000000000000000000000000000
0000000000000000000000000000000000000000000000000000000000000000
0000000000000000000000000000000000000000000000000000000000000000
0211101000000210132222222222222222222222222222111100000002110111
0111102200002220132000000000000000000000000002111202000022220111
0111202044440220232000000000000000000000000002112200444402220111
0112200544443020232252111110211511021111101122122205444430220211
0122200544443030232252111110215551021111101122122205444430320221
0222202222222201232252111110255555021111101122122022222222030222
0222205545543301232252111110215551021111101122122055455433030222
0222205545543301232252111110011511001111101122122055455433030222
0222202222222201232252111110011111001111101122122022222222030222
0222205545543301232252111110011111001111101122122055455433030222
0222202222222201232252111110011111001111101122122022222222030222
0222210444443031232250000000000000000000000522122304444430330222
0122200333333030232211111111111111111111111122122203333330320221
0112202033330220232255555155555155555155555122122200333302220211
0111202200002220232255555155555155555155555122112202000022220111
0111102000000220132255555155555155555155555122111200000002220111
0111101000000210132255555155555155555155555122111100000002110111
0211101114411110132255555155555155555155555122111101144011110211
0211101114411110232255555155555155555155555122111101144011110211
0211102114421110232255555155555155555155555122111102144021110211
0211102111021110232255555555555555555555555522111102111021110211
0211133333333330232211111111111111111111111122111333333333110211
0211135555155520232255555155555155555155555122111333333333110211
0111135555155520132255555155555155555155555122111311111111110111
0111135555155520132244445144445144445144445122111313313333110111
0111135555155520132244445144445144445144445122111313311111110111
0211135555555520232244445144445144445144445122111311111111110211
0211131111111120232244445144445144445144445122111313313311110211
0211135555155520232244445144445144445144445122111311111111110211
0211134444444420232244445144445144445144445122111311111111110211
0211134444444420233333333333333333333333333333111313313333110211
0211132222222220232222222222222222222222222222111111111111110211
0111111111111111132222222222222222222222222222111101111011110111
333333333333333333%%%%%%%%%%%%%%%%%%%%%%%%%%%%333333333333333333
122222221222222%%%%%%%%%%%%%%%%%%%%%%%%%%%%%%%%%%222222212222222
222222222222%%%%%%%%%%%%%%%%%%%%%%%%%%%%%%%%%%%%%%%%222222222222
~~~~~~~~~%%%%%%%%%%%%%%%%%%%%%%%%%%%%%%%%%%%%%%%%%%%%%%~~~~~~~~~
------%%%%%%%%%%%%%%%%%%%%%%%%%%%%%%%%%%%%%%%%%%%%%%%%%%%%------
