// j4-C.pxg 평탄화 격자 64x48
1111111111111111111111111111111111111111111111111111111111111111
5555555555555555555555555555555555555555555555555555555555555555
1333331333331333331333331333331333331333331333331333331333331333
1333331333331333331333331333331333331333331333331333331333331333
3331333331333331333331333331333331333331333331333331333331333331
2222222222222222222222222222222222222222222222222222222222222222
1111111111111111111111111111111111111111111111111111111111111111
0000000000000000000000000000000000000000000000000000000000000000
0000000000000000000000000000000000000000000000000000000000000000
0113222222222222222222222222222222101100011100000000000011110111
0113222222222222222222222222222222101100011100000000000011110111
0323220000000000000000000000000022103211032220311111122032220322
0323220000000000000000000000000022103133132220133333312032220322
0323224432222213225221322222124422101222212211433333321132220322
0323224432222213255521322222124422101433212214433333322132220322
0223224432222213555551322222124422101222212144433333322212220222
0223224432222213255521322222124422101433212122444444444212220222
0223224432222210225221022222124422101222211444333333333221220222
0323224432222210222221022222124422103122131444435555322221220322
0323224432222210222221022222124422103211031444435555322221220322
0323224432222210222221022222124422103200031222222222222221220322
0323224432222210222221022222124422103200031444435555322221220322
0323222211111111111111111111112222103244031444444444444221220322
0323224444424455425555424444424422103244032122333333333212220322
0223224444424444424444424444424422102244022133333333322212220222
0223224444424444424444424444424422102222022212222222222122220222
0223224444424444424444424444424422102222022211222222221122220222
0323224444424444424444424444424422103222032220122222212032220322
0323224444424444424444424444424422103222032220311111122032220322
0323224444424444424444424444424422103222032200000000000032220322
0323224444444444444444444444444422103333333310000000000032220322
0323222222222222222222222222222222103333333310322443222032220322
0323224444424444424444424444424422103311111110322443222032220322
0223224444424444424444424444424422102313313310222442222022220222
0223223333423333423333423333423322102313311110221111111122220222
0223223333423333423333423333423322102311111110110000000011220222
0323223333423333423333423333423322103313311111444333333222120322
0323223333423333423333423333423322103311111111444222222222120322
0323223333423333423333423333423322103311111114444553355522210322
0323223333423333423333423333423322103113313311444553355522120322
0323333333333333333333333333333333103222032121444555555522120322
0323222222222222222222222222222222103222032120110000000011220322
0223222222222222222222222222222222102222022120000000000000000222
3333333333333333333333333333333333333333333333333333333333333333
1222222212222222122222221222222212222222122222221222222212222222
2222222222222222222222222222222222222222222222222222222222222222
1222222212222222122222221222222212222222122222221222222212222222
1111111111111111111111111111111111111111111111111111111111111111
