// h3-A.pxg 평탄화 격자 32x32
11111011111111111111101111111111
44444154444444444444415444444444
33333133222223333333313322223333
22222122222222222222212222222222
11111111111101111111111111110111
33333333333314333113333333331433
21111222222212221001112222221222
11111111111111111111111111111111
11011111111111111011111111111111
44154444444455554154444444444444
33133333335533335555333333222223
22122222253311113333552222222222
11111111131111111111335155555601
55555555566554111111113544444600
44443333333311111111111344444600
33333333222221111111111133333401
11111111101121111111111000000000
33333333301111111111144311111114
22222221110111111111222122221112
11111111110011111111011111111111
11110111111001111110011111111111
44441533343400111100154444444444
33331222222210010003133333333222
22221111111111000022122222222222
11111111110111111111111111011111
33333222221322333333333333143333
11112111111111211112222222122222
11111111111111111111111111111111
10111111111111111101111111111111
41544444444444444415444444444444
31333322233333333313332222233333
21222222222222222212222222222222
