// h3-B.pxg 평탄화 격자 32x32
00000000000000000000000000000000
55555065555555555555506555555555
33333033222223333333303322223333
11111011111111111111101111111111
00010000000000000000000000000000
44444444444405444114444444440544
21111222222202221001112222220222
11111111111101111111111111110111
00000000000000000000000000100000
55065555555566665065555555555555
33033333336633336666333333222223
11011111163311113333661111111111
00000000031110011111336155555601
66666666566554100100113644444600
44443333333301001001001344444600
22222222222220010010010133333401
00000000000120100100100100000000
44444444401001001001044411111115
22222221110010010010222122221102
11111111110100100100111100000001
00000000000001001001000000000000
55550655555510010110065555555555
33330333333320110103033333333222
11110111111111001011011111111111
00000000000000000000100000000000
44444444440544444444444444054444
11112222220222211112222222022222
11111111110111111111111111011111
00000000000000000000000000000100
50655555555555555506555555555555
30333322233333333303332222233333
10111111111111111101111111111111
