// h3-C.pxg 평탄화 격자 32x32
11111011111111111111101111111111
44444154444444444444415444444444
33333133222223333333313322223333
22222122222222222222212222222222
11111111111101111111111111110111
33333333333314333113333333331433
21111222222212221001112222221222
11111111111111111111111111111111
11011111111111611111111111111111
44154444444155555001144444444444
33133333335533335555133333222223
22122222253311113333552222222222
11111111131110011111335155555601
55555555566554100100113544444600
44443333333301001001001344444600
33333333222220010010010133333401
11111111100120100100100100000000
33333333301001001001044311111114
22222221110015310530222122221112
11111111110100000100111111111111
11110111111001001001011111111111
44401504444410010110154444444444
33330330333320110103133333333222
22221022022222001022122222222222
11111101100111111111111111011111
33333330330433333333333333143333
11112222021022211112222222122222
11111111111111111111111111111111
10111111111111111101111111111111
41544444444444444415444444444444
31333322233333333313332222233333
21222222222222222212222222222222
