// w10-A.pxg 평탄화 격자 32x32
................................
................................
11111111111111111111111111111111
17777777777777777777777777777771
16666666666666666666666666666661
14444444444444444444444444444441
12222222222222222222222222222531
16411222211222211222211222211531
16412666522666522666522666521531
16412643522643522643522643521531
16412534322534322534322534321531
16412533222533222533222533221531
16422222222222222222222222222531
16466522666522666522666522666531
16443522643522643522643522643531
16434322534322534322534322534531
16433222533222533222533222533531
16422222222222222222222222222531
16412666522666522666522666521531
16412643522643522643522643521531
16412534322534322534322534321531
16412533222533222533222533221531
16422222222222222222222222222531
16466522666522666522666522666531
16443522643522643522643522643531
16434322534322534322534322534531
16433222533222533222533222533531
16422211222211222211222211222531
16411111111111111111111111111531
16411111111111111111111111111531
46664444444444444444444444444444
11111111111111111111111111111111
