// w43-A.pxg 평탄화 격자 48x32
................................................
................................................
111111111111111111111111111111111111111111111111
166666666666666666666666666666666666666666666661
166666666666666666666666666666666666666666666661
166666666666666666666666666666666666666666666661
177777777777777777777777777777777777777777777771
155555555555555555555555555555555555555555555551
122222222222222222222222222222222222222222222221
165511111111111111111111111111111111111111115551
165511111111111111111111111111111111111111115551
165526455555532226455555532226455555532226455551
165526444444432226444444432226444444432226445551
165526433333332226433333332226433333332226435551
165522222222222222222222222222222222222222225551
165555532226455555532226455555532226455555535551
165544432226444444432226444444432226444444435551
165533332226433333332226433333332226433333335551
165522222222222222222222222222222222222222225551
165526455555532226455555532226455555532226455551
165526444444432226444444432226444444432226445551
165526433333332226433333332226433333332226435551
165522222222222222222222222222222222222222225551
165555532226455555532226455555532226455555535551
165544432226444444432226444444432226444444435551
165533332226433333332226433333332226433333335551
165522222222222222222222222222222222222222225551
165522222222222222222222222222222222222222225551
166666666666666666666666666666666666666666666661
177777777777777777777777777777777777777777777771
155555555555555555555555555555555555555555555551
111111111111111111111111111111111111111111111111
