// v6-A.pxg 평탄화 격자 64x48
...............................030..............................
..............................03320.............................
..............................02210.............................
..............................03320.............................
......................0000000043322000..........................
.00000000000000000000054444444322114330000000000000000000000000.
0254444444444444443323433333344333222222224444444444444444433220
0243333333333333332222211111144333220022234333333333333333322220
0221111111111111110022323222332222111123222111111111111111100320
0232322223222232221222422223542444331222223232222322223222221220
0231111211112111120022100000544444330022223111121111211112100220
0200000000000000000022000000544444330022220000000000000000000220
0254442444442444442332542444222222222322222444442444442444432220
0254444444444444443322544444544442333322325444444444444444433230
0254044404440444043322540444544444333332225404440444044404433220
0222222222222222222222222222544444332222222222222222222222222220
0352444442444442443322544442222222223322225442444442444442433220
0254444444444444443323544444542444333322225444444444444444433220
0222222232222222222322544444544444333322232222222222322222222220
0222223222222222232222222222544444332223222222222232222222222320
0222322222222223222222222232222222222322222222223222222222232220
0232222222222322222544444444444444433222222222322222222223222220
0224444444444443322433333333333333322222254444444444444444433220
0224333333333332222211111111111111100222243333333333333333322220
0222111111111110023422223222232222311222321111111111111111100230
0223322223222231122211211112111121100232232232222322223222221220
0222111211112110022000000000000000000222233222232222322223211220
0320000000000000022544442444442444432222210000000000000000000220
0225442444442443322544444444444444433222200000000000000000000220
0225444444444443322540444044404440433222252444442444442444432220
0225404440444043332222222222222222222223254444444444444444433320
0222222222222222222542444442444442433322254044404440444044433220
0232444442444442322544444444444444433222222222222222222222222220
0225444444444443322544444444444444433222254442444442444442433220
0222222223222222222232222222222322222222254444444444444444433220
0222222322222222223222222222232222222222322222222223222222222230
0222254444444444444444444333224444444444444433225444444444433220
0223243333333333333333333222224333333333333322234333333333322220
0322221111111111111111111002222111111111111100222111111111100220
0222221112111121111211112002222111211112111110222211112111110220
0222200000000000000000000002220000000000000000220000000000000220
0222252444442444442444442332322444442444442433222444442444432320
0222354444444444444444444332225444444444444433225444444444433220
0232254044404440444044404332225404440444044433325404440444033220
.00002222222222222222222222000222222222222222200222222222222200.
.----0000000000000000000000---0000000000000000--0000000000000--.
...-----------------------------------------------------------..
................................................................
