// h1-A.pxg 평탄화 격자 16x32
.00000000000000.
0555555555555530
0513111111112120
0511111111113120
0521111111131120
0531311111121220
0521111111111220
0512111111112120
0511133111111120
0511311111111120
0511111111111120
0511521431231120
0511531321631120
0511560110631120
0511532113331120
0511143114311120
0511142113311120
0511111231111120
0511111311111120
0511121111311120
0501111333111120
0501111221121120
0511122331211120
0511122531311120
0521225213131120
0531252211321220
0512122211131120
0511212211113120
0522122211111120
0512222211111120
0322222222222210
.00000000000000.
