// j4-A.pxg 평탄화 격자 80x48
44444444444444444444444444444444444444444444444444444444444444444444444444444444
33333333333333333333333333333333333333333333333333333333333333333333333333333333
22222222222222222222222222222222222222222222222222222222222222222222222222222222
11333333333333333333333333333333333333333333333333333333333333333333333333333311
11233333333333333333333333333333333333333333333333333333333333333333333333333211
11222222222222222222222222222222222222222222222222222222222222222222222222222211
11222222222222222222222222222222222222222222222222222222222222222222222222222211
11255555555555555555555555555555555555555555555555555555555555555555555555552211
11254444444222222444444444444444411111141111111444444444444444422222244444442211
11254444442333333244444444444444414444141444441444444444444444233333324444442211
11254444442222222244444444444444411111141444441444444444444444222222224444442211
11254444442224422244444444444444414444141111111444444444444444222442224444442211
11254444442224422244442222222244411111144441444444222222224444222442224444442211
11254444442224422244442222222244444144444414144444222222224444222442224444442211
11254444442224422244444444444444411111144414144444444444444444222442224444442211
11254444442222222244444444444444414144144144414444444444444444222222224444442211
11254444442222222244444444444444414144144144414444444444444444222222224444442211
11254444444222222444444444444444444144441444441444444444444444422222244444442211
11254444444444444444444444444444414141441444441444444444444444444444444444442211
11254444444444444444444444444444444444444444444444444444444444444444444444442211
11211111111111111111111111111111111111111111111111111111111111111111111111111211
11211111111111111111111111111111111111111111111111111111111111111111111111111211
11222222222222222222222222222222222222222222222222222222222222222222222222222211
11111111111111111111111111111111111111111111111111111111111111111111111111111111
41111111111112422100000000000000000000000000000000000000000000422141111111111112
41111111111112422100000000000000000000000000000000000000000000422141111111111112
43323333332332422100000000000000000000000000000000000000000000422143323333332332
43323333332332422100000000000000000000000000000000000000000000422143323333332332
43323333332332422111111111111111111111111111111111111111111111422143323333332332
43323333332332422144444444555555444444445555554444444455555544422143323333332332
42222222222222422122222222333333222222223333332222222233333322422142222222222222
43323333332332422122222222355553222222223555532222222235555322422143323333332332
43323333332332422122222222355553444444423555534444444235555322422143323333332332
43323333332332422122222222333333222222223333332222222233333322422143323333332332
43323333332332422122222222333333222222223333332222222233333322422143323333332332
43323333332332422122222222333333222222223333332222222233333322422143323333332332
42222222222222422111111111333333111111113333331111111133333311422142222222222222
43323333332332422144444444444444444444444444444444444444444444422143323333332332
43323333332332422122222222222222222222222222222222222222222222422143323333332332
43323333332332422122222222222222222222222222222222222222222222422143323333332332
43323333332332422122222222222222222222222222222222222222222222422143323333332332
43323333332332422122222222222222222222222222222222222222222222422143323333332332
42222222222222422122222222222222222222222222222222222222222222422142222222222222
44444444444444444444444444444444444444444444444444444444444444444444444444444444
02222222220222222222022222222202222222220222222222022222222202222222220222222222
02222222220222222222022222222202222222220222222222022222222202222222220222222222
02222222220222222222022222222202222222220222222222022222222202222222220222222222
00000000000000000000000000000000000000000000000000000000000000000000000000000000
