// j4-C.pxg 평탄화 격자 80x48
44444444444444444444444444444444444444444444444444444444444444444444444444444444
11111111111111111111111111111111111111111111111111111111111111111111111111111111
33333555553333355555333335555533333555553333355555333335555533333555553333355555
22222444442222244444222224444422222444442222244444222224444422222444442222244444
22222444442222244444222224444422222444442222244444222224444422222444442222244444
22222444442222244444222224444422222444442222244444222224444422222444442222244444
11111122221111112222111111222211111122221111112222111111222211111122221111112222
11111111111111111111111111111111111111111111111111111111111111111111111111111111
41111111111112422100000000000000000000000000000000000000000000422141111111111112
11111111111111111100000000000000000000000000000000000000000000422141111111111112
13333333333333333100000000000000000000000000000000000000000000422143323313332332
12222222222222222100000000000000000000000000000000000000000000422143323111332332
12222222222222222111111111111111111111111111111111111111111111422143311111112332
15444444444444442144444444444444444444444444444444444444444444422143111111111332
15111111411111112122222222222222222222222222222222222222222222422141115515511122
15144441414444412122222222222222222222222222222222222222222222422141155515551132
15111111414444412122222222222222222222222222222222222222222222422111155515551112
15144441411111112122222222222222222222222222222222222222222222422111155511111112
15111111444414442122222222222222222222222222222222222222222222422111155555551112
15441444444141442122222222222222222222222222222222222222222222422141155555551132
15111111444141442122222222222222222222222222222222222222222222422141115555511122
15141441441444142122222222222222222222222222222222222222222222422143111111111332
15141441441444142122222222222222222222222222222222222222222222422143311111112332
15441444414444412122222222222222222222222222222222222222222222422143323111332332
15141414414444412122222222222222222222222222222222222222222222422143323333332332
15444444444444442122222222222222222222222222222222222222222222422143323333332332
15444444444444442122222222222222222222222222222222222222222222422142222222222222
12222222222222222122222222222222222222222222222222222222222222422143323333332332
12222222222222222122222222222222222222222222222222222222222222422143323333332332
11111111111111111122222222555555222222225555552222222255555522422143323333332332
43323333332332422122222222333333222222223333332222222233333322422143323333332332
43323333332332422122222222355553222222223555532222222235555322422143323333332332
42222222222222422122222222355553444444423555534444444235555322422142222222222222
43323333332332422122222222333333222222223333332222222233333322422143323333332332
43323333332332422122222222333333222222223333332222222233333322422143323333332332
43323333332332422122222222333333222222223333332222222233333322422143323333332332
43323333332332422111111111333333111111113333331111111133333311422143323333332332
43323333332332422144444444444444444444444444444444444444444444422143323333332332
42222222222222422122222222222222222222222222222222222222222222422142222222222222
43323333332332422122222222222222222222222222222222222222222222422143323333332332
43323333332332422122222222222222222222222222222222222222222222422143323333332332
43323333332332422122222222222222222222222222222222222222222222422143323333332332
43323333332332422122222222222222222222222222222222222222222222422143323333332332
44444444444444444444444444444444444444444444444444444444444444444444444444444444
02222222220222222222022222222202222222220222222222022222222202222222220222222222
02222222220222222222022222222202222222220222222222022222222202222222220222222222
02222222220222222222022222222202222222220222222222022222222202222222220222222222
00000000000000000000000000000000000000000000000000000000000000000000000000000000
