// w29-E.pxg 평탄화 격자 32x32
55555555555555555555555555555551
54444444444444444444444444444421
54333333333333333333333333333321
54311111111111111111111111114321
45420000000000000000000000003421
44420000000000000000000000002221
22220000000000000000000000001111
00000000222222222222222200000000
5~~20000000000000000000000004~~1
55320111333333333333333300004311
55320111222222222222222200004311
55320111000000000000000000004311
55320222444444444444444400004311
55320222333333333333333300004311
55320222111111111111111100004311
55320335555555555555555551114311
55320334444444444444444441114311
55320334444444444444444441114311
55320332222222222222222221114311
55320355555555555555555555114311
55320344444444444444444444114311
55320344444444444444444444114311
55320322222222222222222222114311
55320466666666666666666666224311
55320455555555555555555555224311
45420455555555555555555555223421
44420455555555555555555555222221
22220433333333333333333333221111
00004444444444444444444444440000
5~~33333333333333333333333333~~1
52222222222222222222222222222221
11111111111111111111111111111111
