// w29-F.pxg 평탄화 격자 32x32
55555555555555555555555555555551
52544442544442544442544442544441
52544442544442553342544442544441
52544442544442333342544442544441
52544442544442544442544442544441
52544442544442544442544442544441
52544442544442544442544442544441
52544455554442544442544555544441
51111122221111111111111222211111
55555500005555555555555000055551
54444444444444444444444444444421
52222222222222222222222222222221
54221111111111111111111111142221
54331000000000000000000000043321
54331223333333333333333331143321
54331221111111111111111111143321
54221225555555555555555551142221
54331224444444444444444441143321
54331222222222222222222221143321
54331266666666666666666666143321
54221255555555555555555555142221
54331233333333333333333333143321
54331666666666666666666666643321
54331555555555555555555555543321
54221333333333333333333333342221
54331666666666666666666666643321
54331666666666666666666666643321
54331666666666666666666666643321
54221444444444444444444444442221
54334444444444444444444444443321
52222222222222222222222222222221
11111111111111111111111111111111
