// w29-D.pxg 평탄화 격자 32x32
55555555555555555555555555555551
54444444444444444444444444444421
54333333333333333333333333333321
54311111111111111111111111114321
54310000000000000000000000004321
54310000000000000000000000004321
54310000000000000000000000004321
54310000222222222222222200004321
54310000000000000000000000004321
54310111333333333333333300004321
54310111222222222222222200004321
54310111000000000000000000004321
54310222444444444444444400004321
54310222333333333333333300004321
54310222111111111111111100004321
54310335555555555555555551114321
54310334444444444444444441114321
54310334444444444444444441114321
54310332222222222222222221114321
54310355555555555555555555114321
54310344444444444444444444114321
54310344444444444444444444114321
54310322222222222222222222114321
54310466666666666666666666224321
54310455555555555555555555224321
54310455555555555555555555224321
54310455555555555555555555224321
54310433333333333333333333224321
54344444444444444444444444444321
54333333333333333333333333333321
52222222222222222222222222222221
11111111111111111111111111111111
