// hf2-A.pxg 평탄화 격자 32x32
11111111111111111111111111111111
55555555555555555555555555555555
33333333333333333333333333333333
33333333333333333333333333333333
55555444445544445555544444554443
55555444445544445555544444554443
55555444445544445555544444554443
55555444445544445555544444554443
55555444445544445555544444554443
55555444445544445555544444554443
55555444445544445555544444554443
55555444445544445555544444554443
55555444445544445555544444554443
55555444445544445555544444554443
55555444445544445555544444554443
55555444445544445555544444554443
55555444445544445555544444554443
55555444445544445555544444554443
55555444445544445555544444554443
55555444445544445555544444554443
55555444445544445555544444554443
44444444444444444444444444444444
55555555555555555555555555555555
44444444444444444444444444444444
22222222222222222222222222222222
42222222222222224222222222222222
42333333333333424233333333333342
42333333333333424233333333333342
44444444444444424444444444444442
55555555555555555555555555555555
22222222222222222222222222222222
11111111111111111111111111111111
