// hf2-B.pxg 평탄화 격자 32x32
22222222222222222222222222222222
66666666666666666666666666666666
33333333333333333333333333333333
22222222222222222222222222222222
66666632266663226666663226666325
66666632266663226666663226666325
66666632266663226666663226666325
66666632266663226666663226666325
66666632266663226666663226666325
66666632266663226666663226666325
66666632266663226666663226666325
66666632266663226666663226666325
66666632266663226666663226666325
66666632266663226666663226666325
66666632266663226666663226666325
66666632266663226666663226666325
66666632266663226666663226666325
66666632266663226666663226666325
66666632266663226666663226666325
66666632266663226666663226666325
66666632266663226666663226666325
44444444444444444444444444444444
55555555555555555555555555555555
22222222222222222222222222222222
11111111111111111111111111111111
13222222222222221322222222222222
13222222222222221322222222222222
13222222222222221322222222222222
13111111111111111311111111111111
44444444444444444444444444444444
22222222222222222222222222222222
00000000000000000000000000000000
