// hf2-C.pxg 평탄화 격자 32x32
11111111111111111111111111111111
54545454545454545454545454545454
23232323232323232323232323232323
22222222222222222222222222222222
45555443332555554555544333255553
45555443532555554555544353255553
45555445352555554555544535255553
45555443432555554555544343255553
45555443432555554555544343255553
45555443432555554555544343255553
45555443432555554555544343255553
45555443532555554555544353255553
45555445352555554555544535255553
45555443432555554555544343255553
45555443432555554555544343255553
45555443432555554555544343255553
45555443432555554555544343255553
45555443532555554555544353255553
45555445352555554555544535255553
45555443432555554555544343255553
45555443332555554555544333255553
33333333333333333333333333333333
44444444444444444444444444444444
44444444444444444444444444444444
22222222222222222222222222222222
15222222222222211522222222222221
15344343434434211534434343443421
15433334333343211543333433334321
15222222222222211522222222222221
55555555555555555555555555555555
33332222333322223333222233332222
11111111111111111111111111111111
