// w41-A.pxg 평탄화 격자 16x32
................
0222222222222220
0544444444444440
0544444444444440
0544444444444440
0666666666666660
0333333333333330
0111111111111110
0500000000000060
0504040404040460
0544444444444460
0545656445656460
0546654446654460
0523132223132260
0655555555565550
0666666666666660
0500000000000060
0544444444444460
0545644566456460
0556545654565460
0523222322231260
0655555555565550
0666666666666660
0544444444444460
0500000000000060
0544444444444460
0546654446654460
0523132223132260
0655555555565550
0666666666666660
0544444444444460
0000000000000000
