// w43-A.pxg 평탄화 격자 16x32
................
................
1111111111111111
1666666666666661
1666666666666661
1666666666666661
1777777777777771
1555555555555551
1222222222222221
1651111111111551
1651111111111551
1652222222222551
1652255225522551
1652566525665551
1652444424444551
1652443324433551
1652332223322551
1666666666666661
1777777777777771
1555555555555551
1222222222222221
1651111111111551
1652222222222551
1652222222222551
1652566666662551
1652455555532551
1652444444432551
1652333333322551
1666666666666661
1777777777777771
1555555555555551
1111111111111111
