// hf1-C.pxg 평탄화 격자 48x48
...000000000000000000000000000000000000000000...
...000000000000000000000000000000000000000000...
...000000000000000000000000000000000000000000...
...000000000000000000000000000000000000000000...
...111111111111111111111111111111111111111111...
555111111111111111111111111111111111111111111555
321222222222222222222222222222222222222222222320
321333333333333333333333333333333333333333333320
321222222222222222222222222222222222222222222320
000111100111111111111111011111111111111101111000
321111110011111111111111011111111111111101111320
321111110111111111111111011111111111111101111320
321111110111111111111111011111111111111101111320
321444444444444444444444444444444444444444444320
321333333333333333333333333333333333333333333320
321111111111110101111111111111110111111111111320
321111111111111101110111111111110111111111111320
000111111111111101111111111111110111111111111000
321111111111111101111111111111110111111111111320
321444444444444444444444444444444444444444444320
321333333333333333333333333333333333333333333320
321222220222222222222022022222222222222202222320
321222220222222222222222022222202222222202222320
321222220222222222222222022222222222222202222320
321222220222222222222222022222222222222202222320
000555555555555555555555555555555555555555555000
321444444444444444444444444444444444444444444320
321222222222222202222222222202220222222222222320
321222222222022202222222222222220222222222222320
321222222222222202222222222222220222222222222320
321222222222222202222222222222220222222222222320
321555555555555555555555555555555555555555555320
321444444444444444444444444444444444444444444320
000222220222222222222222022222222220222202222000
321222220222222222222220022222222222222202222320
321222220222222222222222022222222222222202222320
321222220222222222222222022222222222222202222320
321666666666666666666666666666666666666666666320
321555555555555555555555555555555555555555555320
321333333333033303333333333333330333333333333320
321333333333333303333333333333330303333333333320
000333333333333303333333333333330333333333333000
321333333333333303333333333333330333333333333320
321666666666666666666666666666666666666666666320
321555555555555555555555555555555555555555555320
321333330333333333303333033333333333333303333320
321333330333333033333333033333333333333303333320
321333330333333333333333033333333333333303333320
