// hf1-A.pxg 평탄화 격자 48x48
...000000000000000000000000000000000000000000...
...000000000000000000000000000000000000000000...
...000000000000000000000000000000000000000000...
...000000000000000000000000000000000000000000...
...111111111111111111111111111111111111111111...
555111111111111111111111111111111111111111111555
321222222222222222222222222222222222222222222320
321222222222222222222222222222222222222222222320
321333333333333333333333333333333333333333333320
321222222222222222222222222222222222222222222320
321000111111111111111111111111111111111111000320
321000000000000000000000000000000000000000000320
321000000000000000000000000000000000000000000320
321333333333333333333333333333333333333333333320
321222222222222222222222222222222222222222222320
321000000000000000000000000000000000000000000320
321000000000000000000000000000000000000000000320
321000000000000000000000000000000000000000000320
321444444444444444444444444444444444444444444320
321333333333333333333333333333333333333333333320
321111111111111111111111111111111111111111111320
321111111111111111111111111111111111111111111320
321111111111111111111111111111111111111111111320
321444444444444444444444444444444444444444444320
321333333333333333333333333333333333333333333320
321111111111111111111111111111111111111111111320
321111111111111111111111111111111111111111111320
321111111111111111111111111111111111111111111320
321444444444444444444444444444444444444444444320
321333333333333333333333333333333333333333333320
321111111111111111111111111111111111111111111320
321111111111111111111111111111111111111111111320
321111111111111111111111111111111111111111111320
321555555555555555555555555555555555555555555320
321444444444444444444444444444444444444444444320
321111111111111111111111111111111111111111111320
321111111111111111111111111111111111111111111320
321111111111111111111111111111111111111111111320
321555555555555555555555555555555555555555555320
321444444444444444444444444444444444444444444320
321222222222222222222222222222222222222222222320
321222222222222222222222222222222222222222222320
321222222222222222222222222222222222222222222320
321666666666666666666666666666666666666666666320
321555555555555555555555555555555555555555555320
321222222222222222222222222222222222222222222320
321222222222222222222222222222222222222222222320
321222222222222222222222222222222222222222222320
