// hf1-B.pxg 평탄화 격자 48x48
...000000000000000000000000000000000000000000...
...000000000000000000000000000000000000000000...
...000000000000000000000000000000000000000000...
...000000000000000000000000000000000000000000...
666111111111111111111111111111111111111111111666
420111111111111111111111111111111111111111111420
420555555555555555555555555555555555555555555420
420333333333333333333333333333333333333333333420
420333333333333333333333333333333333333333333420
420000002222222222222222222222222222222200000420
420000000000000000000000000000000000000000000420
420000000000000000000000000000000000000000000420
420000000000000000000000000000000000000000000420
420555555555555555555555555555555555555555555420
420333333333333333333333333333333333333333333420
420333333333333333333333333333333333333333333420
420000000000000000000000000000000000000000000420
420000000000000000000000000000000000000000000420
420000000000000000000000000000000000000000000420
420000000000000000000000000000000000000000000420
420555555555555555555555555555555555555555555420
420444444444444444444444444444444444444444444420
420444444444444444444444444444444444444444444420
420000000000000000000000000000000000000000000420
420000000000000000000000000000000000000000000420
420000000000000000000000000000000000000000000420
420000000000000000000000000000000000000000000420
420555555555555555555555555555555555555555555420
420444444444444444444444444444444444444444444420
420444444444444444444444444444444444444444444420
420000000000000000000000000000000000000000000420
420000000000000000000000000000000000000000000420
420000000000000000000000000000000000000000000420
420000000000000000000000000000000000000000000420
420666666666666666666666666666666666666666666420
420555555555555555555555555555555555555555555420
420555555555555555555555555555555555555555555420
420000000000000000000000000000000000000000000420
420000000000000000000000000000000000000000000420
420000000000000000000000000000000000000000000420
420000000000000000000000000000000000000000000420
420666666666666666666666666666666666666666666420
420555555555555555555555555555555555555555555420
420555555555555555555555555555555555555555555420
420111111111111111111111111111111111111111111420
420111111111111111111111111111111111111111111420
420111111111111111111111111111111111111111111420
420111111111111111111111111111111111111111111420
