// j3-B.pxg 평탄화 격자 64x48
5555555555555555555555555555555555555555555555555555555555555551
5355555555555555555555555555555555555555555555555555555555555531
5344444444444444444444444444444444444444444444444444444444444431
5333333333333333333333333333333333333333333333333333333333333331
5322222222222222222222222222222222222222222222222222222222222231
5344444444444444444444444444444444444444444444444444444444444431
5355555555555555555555555555555555555555555555555555555555555531
5344444444444444444444444444444444444444444444444444444444444431
5333333333333333333333333333333333333333333333333333333333333331
5344444444444444444444444444444444444444444444444444444444444431
5344444444444444444444444444444444444444444444444444444444444431
5333333333333333333333333333333333333333333333333333333333333331
5322222222222222222222222222222222222222222222222222222222222231
0000000000000000000000000000000000000000000000000000000000000000
1111111111111111111111111111111111111111111111111111111111111111
2222222222222222222222222222222222222222222222222222222222222222
5355555555555555455555555555555555555555555555515555555555555131
5322222222222222422211111111114444111111111122212222222222222131
5322354343333332425555555555555035555555555555212343354333332131
5322344333343332423555555555553033555555555553212333344343332131
5322344333333332423555555555553033555555555553212333344333332131
5322444444444442423555555555553033555555555553212444444444442131
5322333333333332423555555555553033555555555553212333333333332131
5322343333343332423555555555553033555555555553212343333343332131
5322233243233222423555555555553033555555555553212233243233222131
5322233233233224423555555555553033555555555553212233233233224131
5322444444444444423555555555553033555555555553212444444444444131
5322222222222243423555555555555033555555555555212222222222243131
5322222243254243423555555555565033655555555555212222254243243131
5322254233244432423555555555564033655555555574212243244233432131
5322244233244432423555555555564033655555555574212233244233432131
5322444444446542423555555555763033655555555763212444444446542131
5322222222224322423555555555763033655555555763212222222224322131
5322243243243222423555555557663033655555557653212254243243222131
5322233233254222423444444446543033444444446543212244233254222131
5322233233443222423444444465443033444444465443212244233443222131
5322444444654442423444444465443033444444465443212444444654442131
5322222224322222423444444654443033444444654443212222224322222131
5322222224322222423444444654443033444444654443212222224322222131
5322222243222222423333335433333033333335433333212222243222222131
5322222243222222423333335433333033333335433333212222243222222131
5311111111111111423333354333333033333354333333211111111111111131
5555555555555555423333354333333033333354333333215555555555555555
1111111111111111421111111111111031111111111111211111111111111111
1111111111111111422244444444444444444444444422211111111111111111
1111111111111111422221121121121121121121121122211111111111111111
7777777777777777777777777777777777777777777777777777777777777777
2222222222222222222222222222222222222222222222222222222222222222
