// j3-C.pxg 평탄화 격자 64x48
4444555555555555444455554444555555555555444455554444555555555555
3333444444444444333344443333444444444444333344443333444444444444
3333444444444444333344443333444444444444333344443333444444444444
3333444444444444333344443333444444444444333344443333444444444444
3333444444444444333344443333444444444444333344443333444444444444
3333444444444444333344443333444444444444333344443333444444444444
3333444444444444333344443333444444444444333344443333444444444444
3333444444444444333344443333444444444444333344443333444444444444
3333444444444444333344443333444444444444333344443333444444444444
3333444444444444333344443333444444444444333344443333444444444444
2233334433443344223333442233334433443344223333442233334433443344
0022003300330033002200330022003300330033002200330022003300330033
4300330033003300330033003300330033003300330033003300330033003300
1111111111111111111111111111111111111111111111111111111111111111
4333333333333333333333333333333333333333333333333333333333333332
4344444444444444444444555555555555555555514444444444444444444432
4322222222222222222243333333333333333333312222222222222222222232
4322143143111143154321335555555515555555514143111143143111112232
4322133133143133144353334444444414444444414133154133133143112232
4322133133133133145233334444444414444444414133144133133133112232
4322333333333333335433334444444414444444413333333333333333332232
4322111111111111132111334444444414444444411111111111111111112232
4322143111143154132143334444444414444444413111143143111154112232
4322133154133144353133334444444414444444413143133133143144112232
4322133144133144343133334444444414444444413133133133133144112232
4322333333333335433333334444444414444444413333333333333333332232
4322111111111113211111334444444414444444411111111111111111112232
4322111143143132143143334444444616444444411143154111154143112232
4322154133133154133133334444444616444444413133144143144133112232
4322144133133343133133334444444616444444413133144133144133112232
4322333333333543333333334444444616444444413333333333333333332232
4322111111113211111111334444444616444444411111111111111111112232
4322143143113254143111334444444616444444413154111143143111112232
4322133133154144133154334444444616444444413144143133133143112232
4322133133154144133144334444444616444444413144133133133133112232
4322333333543333333333334444444414444444413333333333333333332232
4322111111321111111111334444444414444444411111111111111111112232
4322111113211111111111334444444614444444611111111111111111112232
4322111113211111111111334444444614444444611111111111111111112232
4322111132111111111111334444446514444446511111111111111111112232
4322222243222222222222334444446514444446512222222222222222222232
4322222222222222222222334444465414444465412222222222222222222232
4444444444444444444444334444465414444465414444444444444444444444
2222222222222222222222332222222212222222212222222222222222222222
2222222222222222222222333333333333333333312222222222222222222222
2222222222222222222222331111111111111111312222222222222222222222
6666666666666666666666666666666666666666666666666666666666666666
3333333333333333333333333333333333333333333333333333333333333333
