// v34-A.pxg 평탄화 격자 64x48
5555555555555555555555555555555555555555555555555555555555555555
1444444444444444444444444444444444444444444444444444444444444441
1444444444444444444444444444444444444444444444444444444444444441
1444444444444444444444444444444444444444444444444444444444444441
1444444455555554444444444444444444444444444444444444444444444441
1444444455555551144444444444444444444444444444444444444444444441
1444444455222551444444444444444444444444444444444444444444444441
1444444455222551444444444444444444444444444444444444444444444441
1444444433333331444444444444444444444444444444444444444444444441
1444444441111111144444444444444444444444444444444444444444444441
1444444444444444444444444444444444444444444444444444444444444441
1444444444444444444444444444444444444444444444444444444444444441
1444444444444444444444444444444444444444444444444444444444444441
1444444444444444444444444444444444444444444444444444444444444441
1444444444444444444444444444444444444444444444444444444444444441
5555555555555555555555555555555555555555555555555555555555555555
1111111111111111111111111111111111111111111111111111111111111111
5555555555555555555555555555555555555555555555555555555555555555
3333333333333333333333333333333333333333333333333333333333333333
4444444444444444444444444444444444444444444444444444444444444444
2222222222222222222222222222222222222222222222222222222222222222
2220155555555555555555555555555555555555555555555555555555512220
2220144444444444444444444444444444444444444444444444444444412220
2220144444444444444444444444444444444444444444444444444444212220
2220133333333333333333333333333333333333333333333333333333212220
2220144444444444444444444444444444444444444444444444444444212220
2220144444444444444444444444444444444444444444444444444444212220
2220144444444444444444444444444444444444444444444444444444212220
2220133333333333333333333333333333333333333333333333333333212220
2220122222222222222222222222222222222222222222222222222222212220
2220111111111111111111111111111111111111111111111111111111112220
2220100000000000000000000000000000000000000000000000000000012220
2220111111111111111111111111000000001111111111111111111111112220
2220111111111111111111111111011111111111111111111111111111112220
2220111233333323333332333333044324412333333233333323333331112220
2220111233343333343332343333046324612333433333433323433331112220
2220111222222222222222222222044324412222222222222222222221112220
2220111233334323334333334333044324412333343233343333343331112220
2220111233333323333332333333044324412333333233333323333331112220
2220111233333333333333333333044324412333333333333333333331112220
2220111555555555555555555555044324415555555555555555555555112220
2220115555555555555555555555033323315555555555555555555555512220
2220113333333333333333333333033323313333333333333333333333312220
2220112222222222222222222222033323312222222222222222222222212220
2220144444444444444444444444022222214444444444444444444444412220
2220133333333333333333333333044444413333333333333333333333312220
2220111111111111111111111111055555511111111111111111111111112220
1111111111111111111111111111444444441111111111111111111111111111
