// h43-E.pxg 평탄화 격자 32x16
.555555555555555555555555555555.
24444444444444444444444444444442
23333333333333333333333333333332
23113333331333333133333313333132
23353333333533333533333533333532
23353333333533333353333335333532
23335333333353333335333333353332
23353333333353333353333333353332
23333333333333333333333333333332
23333333333333333333333333333332
23335333333353333333533333353332
23333333333333333333333333333323
23333333333333333333333333333332
24444444444444444444444444444444
22222222222222222222222222222222
00000000000000000000000000000000
