// h43-B.pxg 평탄화 격자 32x16
.666666666666666666666666666666.
45555555555555555555555555555552
45555255552544525555254452554452
45555244452455524555245552455552
45554545545455454554545545455552
45555555555555555555555555555552
44455545555455554555545555455552
45555445554455544555445554455552
45555255552555525445255552555552
45555354453555535555355553544552
45553335533355333553335533355552
45555555555555555555555555555552
33333333333333333333333333333333
33333333333333333333333333333333
33333333333333333333333333333333
11111111111111111111111111111111
