// hf7-B.pxg 평탄화 격자 32x32
00000000000000000000000000000000
66666666666666666666666666666666
44444444444444444444444444444444
66666666666666606666666666666660
65555555555555406555555555555540
65555555555555406555555555555540
65555544555555406555555555555540
65555555555555406555555555555540
65555555555555406555555555555540
65555555555555406555555555555540
64444444444444406444444444444440
00000000000000000000000000000000
66666660666666666666666066666666
55555540655555555555554065555555
55555540655555555555554065555555
55555540655555555555556065555555
55555540655555555555554065555555
55555540655555555555554065555555
55555540655555555555554065555555
44444440644444444444444064444444
00000000000000000000000000000000
44404444444444444440444444444444
33204333333333333320433333333333
33204333333333333320433333333333
33204333333333333320433333333333
33204333333333333320433333333333
33204333333333333320433333333333
22204222222222222220422222222222
00000000000000000000000000000000
44444444444444444444444444444444
00000000000000000000000000000000
00000000000000000000000000000000
