// hf7-C.pxg 평탄화 격자 32x32
11111111111111111111111111111111
55555555555555555555555555555555
33333333333333333333333333333333
55555555551554444441555555555551
54444444431433233321544444444431
54422444431433333321544444444431
54444444431433333321544444224431
53333333331422222221533333333331
11111111111113111111111111111111
44441555555553666666666666144444
33321544444432655555555554143333
33321544444432655555355554143333
33321544433431255555555554143333
22221533333331644444444444142222
11111111111111111111111111111111
51444444444441555553235555555555
31433333333321544442342154444444
31433332233321544422323154444444
31433333333321544442243152444444
31422222222221533333333153333333
11111111111111111111111111111111
44444444144444444444441444444444
33333332143333333333321433333333
33333332143333333333321433332333
33333332143333332233321433333333
33333332142333333333321433333333
33333332142223333333321433333333
22222222142222222222221422222222
11111111111111111111111111111111
44444444444444444444444444444444
00000000000000000000000000000000
00000000000000000000000000000000
