// hf7-A.pxg 평탄화 격자 32x32
11111111111111111111111111111111
55555555555555555555555555555555
33333333333333333333333333333333
55555555555555516666666155555551
54444444444444316555554154444431
54444444444444316555554154444431
54444444444444316555554154444431
53333333333333316444444153333331
11111111111111111111111111111111
66615555555555555551555555516666
55415444444444444431544444316555
55415444444444444431544444316555
55415444444444444431544444316555
44415333333333333331533333316444
11111111111111111111111111111111
55555166666661555555555555555155
44443165555541544444444444443154
44443165555541544444444444443154
44443165555541544444423444443154
33333164444441533333333223333153
11111111111111111111111111111111
55555555555144444444444444415555
44444444443143333333333333215444
44444444443143333333333333215444
44444444443143333333333333215444
44444444443143333333333333215444
44444444443143333333333333215444
33333333333142222222222222215333
11111111111111111111111111111111
44444444444444444444444444444444
00000000000000000000000000000000
00000000000000000000000000000000
