// w70-A.pxg 평탄화 격자 16x48
1111111111111111
1666666666666661
1555545555455551
1555545555455551
1777777777777771
1555655555555221
1554244444444221
1554444444424221
1552222222242221
1111111111111111
1541111111111321
1541111111111321
1541222212221321
1541244222221321
1541244322221321
1541234422221321
1321334344221211
1541221332341321
1543322222221321
1544442222333321
1541222224344321
1541444222221321
1321122342221211
1541222224143321
1541223413221321
1541433422221321
1541222222221321
1541213434321321
1321222433221211
1541221222223321
1541222222224321
1541233222234321
1541222222221321
1321222221221211
1541221444244321
1543333333333321
1542222222222321
1666666666666661
1444444444444221
1443333333333221
1443333333333221
1442222222222221
1443333333333221
1222222222222221
1111111111111111
.22..........22.
.11----------11.
.~~~~~~~~~~~~~~.
