// v35-A.pxg 평탄화 격자 16x48
................
................
................
................
................
................
................
................
................
0000000000000000
0666666666666660
0655555555555550
0655555555555550
0655544555555550
0655555553355550
0655355555555550
0655555555555550
0655555555555550
0666666666666660
0111111111111110
0453333333333210
0453333333333210
0453311111333210
0453100000133210
0451033332222210
0451033333013210
0451033333333210
0453103333333210
0453310033333210
0453333101333210
0453333310133210
0452223331033210
0453333331033210
0453333310222210
0453331103333210
0453310333333210
0453310333333210
0453222333333210
0453333333333210
0453333333333210
0222222222222220
0111444444441110
0111311111131110
0111111111111110
0222222222222220
0444444444444440
0333333333333330
0000000000000000
