// s1-A.m3.pxg 평탄화 격자 16x32
1111111111111111
3333333333333333
3333333333333333
3333333333333333
4333343333433334
3333333333333333
3333333333333333
3333333333333333
3333333333333333
4333333433333343
3333333333333333
3333333333333333
3333333333333333
1111111111111111
4444444444444444
3333333333333333
0000000000000000
2223222022232220
2223222022232220
2223222022232220
2223222022232220
2223222022232220
2223222022232220
2223222022232220
2223222022232220
2223222022232220
2223222022232220
2223222022232220
2223222022232220
3333333333333333
2222222222222222
2222222222222222
