// w43-A.pxg 평탄화 격자 16x32
................
................
1111111111111111
1666666666666661
1666666666666661
1666666666666661
1777777777777771
1555555555555551
1222222222222221
1651111111111551
1651111111111551
1652645553222551
1652644443222551
1652643333222551
1652222222222551
1652226455532551
1652226444432551
1652226433332551
1652222222222551
1652645553222551
1652644443222551
1652643333222551
1652222222222551
1652226455532551
1652226444432551
1652226433332551
1652222222222551
1652222222222551
1666666666666661
1777777777777771
1555555555555551
1111111111111111
