// hf7-C.pxg 평탄화 격자 32x32
11111111111111111111111111111111
44444444444444444444444444444444
22222222222222222222222222222222
11111111111111111111111111111111
44444441555554414444444166666661
43355321544443214333332165555541
42222221533332314222222164444441
11111111111111111111111111111111
44416666666143344441555555514444
33216555554142333322544444314333
22216444444141222221533333314222
11111111111111111111111111111111
44444441666665614444441111155551
43333321625554314333330000044431
42222221644443314222220000033331
11111111111111111111111111111111
44415552555143344441666666614444
33215423443142233321655555414533
22215333233141222221644444414222
11111111111111111111111111111111
44444444444444444444444444444444
11111111111111111111111111111111
41333333315555555133333331444444
21322222115444443132222211433333
21311111115333333131111111422222
11111111111111111111111111111111
55555133333331444444413333333155
44443132222211233333213222221154
33333131111111422222213111111153
33333333333333333333333333333333
00000000000000000000000000000000
00000000000000000000000000000000
