// hf7-B.pxg 평탄화 격자 32x32
00000000000000000000000000000000
66666666666666666666666666666666
44444444444444444444444444444444
00000000000000000000000000000000
55555550666665505555555066666660
54444430655554305444443065555540
53333330644443405333333064444440
00000000000000000000000000000000
55506666666054455550666666605555
44306555554053444430655555405444
33306444444052233330644444405333
00000000000000000000000000000000
55555550666665605555555066666660
54444430655554305444443065555540
53333330644443305333333064444440
00000000000000000000000000000000
55506666666054455550666666605555
44306555554053344430655555405444
33306444444052333330644444405333
00000000000000000000000000000000
55555555555555555555555555555555
00000000000000000000000000000000
50444444405555555044444440555555
30433333205444443043333320544444
30422222205333333042222220533333
00000000000000000000000000000000
55555044444440555555504444444055
44443043333320544444304333332054
33333042222220533333304222222053
44444444444444444444444444444444
00000000000000000000000000000000
00000000000000000000000000000000
