// hf7-A.pxg 평탄화 격자 32x32
11111111111111111111111111111111
44444444444444444444444444444444
22222222222222222222222222222222
11111111111111111111111111111111
33333331444443313333333155555551
32222211433332213222221154444431
31111111422221213111111153333331
11111111111111111111111111111111
33315555555132233331444444413333
22115444443131222211433333213222
11115333333131111111422222213111
11111111111111111111111111111111
33333331555554513333333144444441
32222211544443213222221143333321
31111111533332213111111142222221
11111111111111111111111111111111
33314444444132233331555555513333
22114333332131222211544444313222
11114222222131111111533333313111
11111111111111111111111111111111
33333333333333333333333333333333
11111111111111111111111111111111
31222222214444444122222221333333
11211111014333332121111101322222
11200000014222222120000001311111
11111111111111111111111111111111
44444122222221333333312222222144
33332121111101322222112111110143
22222120000001311111112000000142
33333333333333333333333333333333
00000000000000000000000000000000
00000000000000000000000000000000
