// v35-A.pxg 평탄화 격자 16x32
.11111111111111.
1555555555555551
1555555555555551
4444444444444441
4444444444444441
4433344334333441
4222222222222221
4111111111111111
4333333333333321
4355355355331121
4333333333334421
4311111111133321
4355355355334421
4333333333333321
4311111111134421
4355355355333321
4333333333333321
4311111111133321
4333333333331121
4111111111111111
4333333333333331
4322222222221121
4311111111111121
4311111111113321
4311111111111121
4311111111115521
4311111111113321
4333333333333331
4222222222222221
1111111111111111
1111111111111111
0000000000000000
