// h1-A.pxg 평탄화 격자 16x32
.44444444444444.
3333333333333333
2111111111111112
3121111111100013
3112111111140013
3112221222424013
3110401040144413
3114241424444413
3112331233123313
3143444344344413
3122222222222213
3111111111111113
3121111111111113
3112221222122213
3110401040104013
3114241424142413
3112331233123313
3143444344344413
3122222222222213
3111111111111113
3121111111111113
3112221222122213
3110401040104013
3114241424142413
3112331233123313
3143444344344413
3122222222222213
3111111111111113
4444444444444444
2222222222222222
2112222222222112
0110000000000110
