// hf3-C.pxg 평탄화 격자 16x32
................
................
0000000000000000
0555555555555540
0444444444444430
0542222222222320
0542433333323320
0542433333323320
0542434444323320
0542434111323320
0542434311323320
0542434311323320
0542434111323320
0542434111323320
0542434111323320
0542434111323320
0542434111323320
0542433333323320
0542433333323320
0542334333323320
0542225555553320
0542115444423320
0542132222223320
0542133333323320
0542433333333320
0542433332223320
0542433331113320
0542333333323320
0542222333323320
0542111333323320
0542433333323320
1111111111111111
