// hf3-A.pxg 평탄화 격자 16x32
................
................
0000000000000000
0555555555555540
0444444444444430
0542222222222320
0542322222213320
0542322222213320
0542324444213320
0542324221213320
0542324321213320
0542324321213320
0542324221213320
0542324221213320
0542324221213320
0542324221213320
0542324111213320
0542322222213320
0542322222213320
0542322222213320
0542355555513320
0542354444213320
0542322222213320
0542322222213320
0542322222213320
0542322222213320
0542444444443320
0542333333333320
0542333333333320
0542333333333320
0542222222223320
1111111111111111
