// hf3-B.pxg 평탄화 격자 16x32
................
................
0000000000000000
0666666666666650
0555555555555540
0653333333333540
0653000000003540
0653000000003540
0653066666603540
0653063300503540
0653063000503540
0653060000503540
0653060000503540
0653060000503540
0653060000503540
0653060000503540
0653060000503540
0653065555503540
0653000000003540
0653000000003540
0653000000003540
0653066666603540
0653065555303540
0653033333303540
0653000000003540
0653000000003540
0653000000003540
0653000000003540
0653000000003540
0653333333333540
0653000000003540
2222222222222222
