// v35-A.pxg 평탄화 격자 16x32
................
................
................
................
.11111111111111.
1666666666666661
1454444444444221
1453333333333221
1411111111111121
1566666666666631
1565555555555431
1565555555555431
1553333333333331
1544444444444431
1533333333333331
1555555555555531
1544444444444431
1544444444444431
1522222222222231
1544444444444431
1544444444444431
1533333333333331
1544444444444431
1555555555555531
1666666666666661
1454444444444321
1453333333333321
1453333333333321
1452222222222221
1453333333333321
1300000000000021
.10..........01.
