// hf3-B.pxg 평탄화 격자 32x32
................................
................................
11111111111111111111111111111111
16666666666666666666666666666651
15555555555555555555555555555541
16533333333333333333333333333541
16531111111111103111111111113541
16531144444444103144444444113541
16531142222223103142222223113541
16531142222223103142222223113541
16531142222223103142222223113541
16531142222223103142222223113541
16531142222223103142222223113541
16531142222223103142222223113541
16531123333333103123333333113541
16531111111111103111111111113541
16531111111111103111111111113541
16531144444444103144444444113541
16531142222223103142222223113541
16531142222223103142222223113541
16531142222225403542222223113541
16531142222224303432222223113541
16531142222223103142222223113541
16531142222223103142222223113541
16531142222223103142222223113541
16531142222223103142222223113541
16531142222223103142222223113541
16531142222223103142222223113541
16531123333333103123333333113541
16531111111111103111111111113541
16530000000000000000000000003541
11111111111111111111111111111111
