// hf3-A.pxg 평탄화 격자 32x32
................................
................................
11111111111111111111111111111111
15555555555555555555555555555541
14444444444444444444444444444431
15322222222222222222222222222431
15343333333333314333333333334431
15343322222222314322222222334431
15343323333334314323333334334431
15343323333334314323333334334431
15343323333334314323333334334431
15343323333334314323333334334431
15343323333334314323333334334431
15343323333334314323333334334431
15343334444444314334444444334431
15343333333333314333333333334431
15343333333333314333333333334431
15343322222222314322222222334431
15343323333334314323333334334431
15343323333334314323333334334431
15343323333335414543333334334431
15343323333333214323333334334431
15343323333334314323333334334431
15343323333334314323333334334431
15343323333334314323333334334431
15343323333334314323333334334431
15343323333334314323333334334431
15343323333334314323333334334431
15343334444444314334444444334431
15343333333333314333333333334431
15342222222222211222222222224431
11111111111111111111111111111111
