// h129-C.pxg 평탄화 격자 48x32
..33333323333333333332333333333333323333333333..
.4444333444444444323444444444444323444444444333.
344433333344433333322333334444333322333444443332
334334444444444444444444444444444444444433344332
334345555555555555555555555555555555555544334332
334455556666665555555555555555555555555555443332
234455555555555555555555555555555555555555543332
234455555555555555555555555555555555555555543332
334455555555555555555555555555555555555555543332
434455555555555555555555555555555555555555543332
434455555555555555555555555555555555555555543332
434455555555555555555555555555555555555555543332
434455555555555555555555555555555555555555543332
234455555555555554455555555555555555555555543312
234455555555555555555555555555555555555555543312
334455555555555555555555555555555555555555543332
434455555555555555555555555555555555555555543332
434455555555555555555555555554455555555555543332
434455555555555555555555555555555555555555543332
434455555555555555555555555555555555555555543332
334455555555555555555555555555555555555555543332
234455555555555555555555555555555555555555543312
234455555555555555555555555555555555555555543312
334455555556666555555555555555555555555555543332
434455555555555666655555555555555555555555543332
433445555555555555555555555555555555555555443332
433344444444444444444444444444444444444444332232
334443333334444443333344444444433334444444443332
344444333334444444332344444444432234444444433332
333333332233333333332333333333332233333333333332
.2222222212222222222122222333222122222233322222.
..22222221222222222212222233322212222223332222..
