// h129-B.pxg 평탄화 격자 48x32
..33333333233333333333323333333333233333333333..
.3555555544555555555554455555533544555555555533.
355555566645555555556664555553345455555555544433
355544444444343344444444434443444444344444443332
355433333333333433333333333333443333333333443442
355333555555534444444444444444444444444444333442
354344555554443444444444444444445444444444443342
354344444444444344444444444444444444444444443342
344344444444444444444444444443344444444444443342
355344444444444444444444444444444444444444443342
354344444444433444444444444444444444444444443342
354344444444444444444444444444444444444444443332
344344455555444444444555444444444444433444443342
354344444555544444445555544444444444334444443342
355344444444444444444444444444444444344444443342
354344444444444444444444444444444444444444443342
354344444444444444444444444444444444444344443332
344344444444444444444444444444444444443344443342
355344444444444444444444444444444444444444443342
354344444444444444444444444444444444444444443342
354344444444444444444444444444555555444444443342
344344444444444444444444444444444555554444443332
355344444444444444444444444444444444444444443342
354344444444444444444444444444444444444444443342
354344444444555554444444444444444444444444443342
344344444444445554444444444444444444444444333342
344333444444444444444444444444444444444433333442
344333333333333333333333333333333333333333333442
344455555555344444444444344444444443444444443332
344555555554344444444444344444444443444444433322
.3444444443444444444444344444444443333333333322.
..22222222222222222222222222222222222222222222..
