// h129-A.pxg 평탄화 격자 48x32
..33333323333333323333333332333333332333333333..
.3355555325555555325555555532444444432444444433.
35566664426666664426666666442555555332555555333.
355555533244444443324444444433244444442244444433
355542223333333444444444333333334444444442224443
35542444444444455555555555555444444444444442443.
35542444445555555555555555555555555454444442443.
34432445555664455555555555555555555555554442443.
23332455555544555555555555555555555555454442332.
35542555555545555555555555555566555554454442443.
35542555555555555555555555555555555544555442443.
34432555555555555555555555555555555545555442332.
34432555555555455555555555544555555554444552332.
23332555555554455555555555445555555444445552443.
35542555555544555555555555455555555555555552443.
35542555556645555555555555555555555555555552443.
34432455555555555555555555555555555555555552332.
34432445555555555555555555545555555555555552332.
23332444555555555555555555445555555555555552443.
35542445555555555555555555455555566555555552443.
35542455555555555555555555555555555555555552443.
34432555555555555555555555555555555555444442332.
34432555555555555555555555555555554444444442332.
23332455555555556655555555555555555554444442443.
35542444455555555555555555555555554444444442443.
35544224444444444444444444444444444444444222443.
35554423345555442335555555442335555544233555333.
35555442355666444235556666444235566644423555443.
34444332355555544235555555444235555554423444332.
344444332444444433244444444433244444443324444332
.3333332233333333223333333333223333333322333333.
..22222222222222222222222222222222222222222222..
