// w1-A.pxg 평탄화 격자 16x32
..000000000000..
.77777777777777.
0333333333333330
0411111111111120
0511111111111120
0511111111111120
0515115115115120
0511111111111120
0553253253253220
0553253253253220
0553253253253220
0522122122122120
0777777777777770
0222222222222220
0511111111111120
0515111511151120
0511111111111120
0553215321532120
0553215321532120
0553215321532120
0522112211221120
0777777777777770
0222222222222220
0515115111511120
0511111111111120
0553253215321120
0553253215321120
0553253215321120
0522122112211120
0511111111111120
0777777777777770
0000000000000000
