// w1-C.pxg 평탄화 격자 16x32
..000000000000..
.77777777777777.
4444444444444444
0422222222222220
0511151111511120
0516111111111120
0511532115321120
0515633256332120
0515333253332120
0515333253332120
0577421774217720
0522252222522220
0516111111111120
0511532115321120
0515633256332120
0515333253332120
0575333253332720
0522451224512220
0516111111111120
0511532115321120
0515633215321120
0515333215321120
0575333277777720
0588888888888820
0533333333333320
0577777117777720
0567666114443420
0567665115443420
0567663113443420
0567666114443420
0522222222222220
0000000000000000
