// w8-A.pxg 평탄화 격자 16x32
.11111111111111.
1777777777777771
1666666666666641
1333333333333331
1611111111111131
1622222222242231
1624222222262231
1626222422264231
1626422622653231
1665322642653231
1665326532653231
1766666666666641
1333333333333331
1611111111111131
1624222222222231
1626222222242231
1626422422262231
1665322622264231
1665322642653231
1665326532653231
1766666666666641
1333333333333331
1611111111111131
1622222422222231
1624222622242231
1626222642262231
1626426532264231
1665326532653231
1766666666666641
1333333333333331
1655555555555441
1111111111111111
