// h4-C.pxg 평탄화 격자 32x32
22222222222222222222222222222222
33333300033333000333333000333333
31111131104434500011114401134434
13463311014354410046431501154434
13616301044444110361631101444444
31333111034444110133314001444444
34444111343441113444441104444444
34445411011111110444434200111144
34444412034643010444455100465314
34444112136160013444441103616314
44444411013331110443444100333144
34444411044445110445434101444344
34444121344440103434441204444444
31111011444440113111111104455444
13461004244411141346400134454444
13616001344441111361630003444444
31333014354441133133311134444534
34444115444442143444441134444444
34444410311111113445444101111144
34444411134653023544454103464314
34423104136160343544441113613334
34442114313333143423442131333324
34442244323412443434412334424444
55555555555555555555555555555555
22222222222222222222222222222222
32213221322132213221322132213221
43314331433143314331433143314331
43314331433143314331433143314331
43314331433143314331433143314331
43314331433143314331433143314331
43314331433143314331433143314331
11111111111111111111111111111111
