// hf2-A.pxg 평탄화 격자 32x32
12222222222222221222222222222222
22222222222222222222222222222222
22222222222222222222222222222222
22222222222222222222222222222222
22222222222222222222222222222222
22222223222222222222222322222222
22222233322222222222223332222222
22222332332222222222233233222222
22222233322222222222223332222222
22222223222222222222222322222222
22222222222222222222222222222222
22222222222222222222222222222222
22222222222222222222222222222222
22222222222223222222222222222322
22222222222222222222222222222222
22222222222222222222222222222222
12222222222222221222222222222222
22222222222222222222222222222222
22222222222222222222222222222222
22222222222222222222222222222222
22222222222222222222222222222222
22222223222222222222222322222222
22222233322222222222223332222222
22222332332222222222233233222222
22222233322222222222223332222222
22222223222222222222222322222222
22222222222222222222222222222222
22222222222222222222222222222222
22222222222222222222222222222222
22222222222223222222222222222322
22222222222222222222222222222222
22222222222222222222222222222222
