// hf2-B.pxg 평탄화 격자 32x32
20000000000000002000000000000000
01000000000000010100000000000001
00100000000000100010000000000010
00010000000001000001000000000100
00001000000010000000100000001000
00000100000100000000010000010000
00000010001000000000001000100000
00000001010000000000000101000000
00000000200000000000000020000000
00000001010000000000000101000000
00000010001000000000001000100000
00000100000100000000010000010000
00001000000010000000100000001000
00010000000001000001000000000100
00100000000000100010000000000010
01000000000000010100000000000001
20000000000000002000000000000000
01000000000000010100000000000001
00100000000000100010000000000010
00010000000001000001000000000100
00001000000010000000100000001000
00000100000100000000010000010000
00000010001000000000001000100000
00000001010000000000000101000000
00000000200000000000000020000000
00000001010000000000000101000000
00000010001000000000001000100000
00000100000100000000010000010000
00001000000010000000100000001000
00010000000001000001000000000100
00100000000000100010000000000010
01000000000000010100000000000001
