// w3-A.pxg 평탄화 격자 16x32
................
................
5555555555555555
4444444444444444
3333333333333333
1232100112321001
1232100112321001
2343211223432112
2343211223432112
2343211223432112
2343211223432112
2353211223532112
2353211223532112
2353211223532112
2353211223532112
2353211223532112
2343211223432112
2343211223432112
2343211223432112
2343211223432112
2343211223432112
2353211223532112
2353211223532112
2353211223532112
2353211223532112
2343211223432112
2343211223432112
2343211223432112
2343211223432112
2343211223432112
4545454545454545
2221222122212221
