// w3-B.pxg 평탄화 격자 16x32
................
................
6666666655555555
5555554444444444
4444333333333333
2343210112310000
2343210112310000
2343210112310000
2343210112310000
3454321223421001
3454321223421001
3464321223421001
3464321223421001
3464321223421001
3464321223421001
3464321223421001
3464321223421001
3464321223421001
3464321223421001
3464321223421001
3464321223421001
3464321223421001
3464321223421001
3464321223421001
3454321223421001
3454321223421001
3454321223421001
3454321223421001
3454321223421001
3454321223421001
4545454545454545
2221222122212221
