// w3-C.pxg 평탄화 격자 16x32
................
................
5555555555555555
4444444444444444
3333333333333333
4444444444444444
4333333443333334
2222222222222222
1211112112111121
2454210124542101
2454210124542101
2454210124542101
2454210124542101
2454210124542101
2454210124542101
2454210124542101
2454210124542101
2454210124542101
4545454545454545
1212121212121212
2454210654542101
2454210544542101
2454210654542101
2454210544542101
2454210654542101
2454210324542101
2454210124542101
2454210124542101
2454210124542101
2454210124542101
4545454545454545
2221222122212221
