// h49-D.pxg 평탄화 격자 32x32
................................
................................
.111111111111111111111111111111.
15555555555555544555555555555551
13333333333333322333333333333331
15222222222222222222222222222231
15333333333333333353333333353331
15333331551333333353333333353331
15333315553133333353155531353331
15333155553313333331555533133331
15333131111313333331311113133331
15333135555313333331355553133331
15333111111113333331111111133331
15555555555555555555555555555531
15333333333333333333333333333331
15555555555555555555555555555531
15333334333333333333334333333331
15333333333333344333333333333331
15333333333333244433333333333331
15333333333332155142333333333331
15333353333315555331333335333331
15333555333315555331333355533331
15333353333313111131333335333331
15333333333313555531333333333331
15333333333311111111333333333331
15555555555555555555555555555531
15333333333333333333333333333331
15555555555555555555555555555531
15333334333333333333334333333331
15222222222222222222222222222231
15222222222222222222222222222231
11111111111111111111111111111111
