// h49-E.pxg 평탄화 격자 32x32
................................
22222222222222222222222222222222
27777777777777777777777777777772
25555555555555555555555555555552
25000000000000000000000000000042
25222221331222222222214512222242
25222214533122222222145433122242
25222145533212222222145321222242
25222145533212222221445332122242
25222141111212222221411112122242
25222145532212222221455322122242
25222145432212222221454322122242
25222213222122222222132221222242
27777777777777777777777777777772
26666666666666666666666666666662
25555555555555555555555555555552
23333333333333333333333333333332
25000000000000000000000000000042
25222222224222143122222222222242
25222222224221453312222222222242
25222222224414553321222222222242
25222222221414553221212222222242
25222222221214111121212222222242
25222222221214553221212222222242
25222222221213222221212222222242
27777777777777777777777777777772
26666666666666666666666666666662
25555555555555555555555555555552
23333333333333333333333333333332
25000000000000000000000000000042
25111111111111111111111111111142
22222222222222222222222222222222
