// h49-A.pxg 평탄화 격자 32x32
................................
................................
................................
111..........................111
14333331111133333333334333333321
14333315544303333333344333233321
14333155544330333333111114333321
14333155444330333331544330323321
14333140000030333315544433033321
14333154444330333314000003033321
14333144433320333314443332033321
14333000000000333300000000033321
15555555555555555555555555555551
14444444444444444444444444444441
13333333333333333333333333333331
12222222222222222222222222222221
14311111111111111111111111111321
14333333335333333333333333333321
14333333335333111133333333333321
14333333335431544313323333333321
14333333333415544331333333333321
14333333333414443331333333333321
14333333333314000030333333333321
14333333333314400330333333333321
14333333333314433320333333333321
14333333333300000000333333333321
15555555555555555555555555555551
14444444444444444444444444444441
13333333333333333333333333333331
12222222222222222222222222222221
22222222222222222222222222222222
00000000000000000000000000000000
