// w70-A.pxg 평탄화 격자 32x16
11111111111111111111111111111111
16666666666666666666666666666461
14444446444444446444444446443541
13333316433333316433333316411111
13333164343333164343333164315211
13333164333333164333333164315211
13331643343331643343331643315211
13333543333333543333333543313311
13333333343333333343333333315211
13333142333333142333333142315211
13333142343333142343333142315211
13333314233333314233333314215211
13333314243333314243333314211111
12222222222222222222222222222221
11111111111111111111111111111111
.~~~~~~~~~~~~~~~~~~~~~~~~~~~~~~.
