// s2-B.pxg 평탄화 격자 16x32
4444444444444444
4444444444444444
4444444444444444
4445444444444444
4444444444444444
4444444444444444
4444444444454444
4444444444444444
4444444444444444
4444444544444444
4444444444444444
4444444444444444
4444444444444444
4444444444444444
3333333333333333
3333333333333333
3333333333333333
6666666666666666
5555555555555555
4444444444444444
1111111111111111
2222222222222222
3555555335555553
2544443225444432
2544443225444432
2544443225444432
2544443225444432
2544443225444432
2222222222222222
5555555555555555
4444444444444444
1111111111111111
