// s2-C.pxg 평탄화 격자 16x32
4444444444444444
4444444444444444
4444444444444344
4445444444444444
4444444444444444
4444444444444444
4444444444454444
4444443444444444
4444444444444444
4444444544444444
4444444444444444
4444444444444444
5555555555555555
4444444444444444
2222222222222222
5552555555555555
4442444444444444
3332333333333333
5555555555525555
4444444444424444
3333333333323333
5555555255555555
4444444244444444
3333333233333333
5255555555555555
4244444444444444
3233333333333333
5555555555555255
3333333333333333
4444444444444444
3333333333333333
1111111111111111
