// s2-A.m3.pxg 평탄화 격자 16x32
3333333333333333
3333333333333333
3333333333332333
3334333333333333
3333333333333333
3333333333333333
3333333333343333
3333333333333333
3333323333333333
3433333333333333
3333333333333333
3333333433333333
3333333333333333
3333333333333343
3333333332333333
3333333333333333
3333333333333333
4444444444444444
3333333333333333
2222222222222222
2333333223333332
2333333223332332
2333233223333332
2333333223333332
2333333223333332
2333233223333332
2333333223332332
2333333223333332
1111111111111111
2222222222222222
2222222222222222
1111111111111111
