// j5-A.pxg 평탄화 격자 32x16
12223222642222321222364212222232
22322212642212222232264222221222
22555555642555555555564255555212
32544441642144444444164214444222
22544444642444444444464244444232
22522222642222222222264222222222
12232221642123221223264222212322
22221232642212222222164222221222
23222221642222222322264222322222
22212322642222322221264221222232
12555555642555555555564255555222
22544441642144444444164214444212
22544444642444444444464244444232
32522222642222222222264222222222
22122232642222122212264232222212
22221222642232222222164221223222
