// j5-C.pxg 평탄화 격자 32x16
11111437542111111111175421431111
14444447542444444444475424444111
13333317542133333333175421333131
11333217542133233332175421333101
11333317542133333333175421333111
11111117542111111111175421111111
11110007542000000000075420000011
11431117542113011143175421113011
11301117542111111130175421111111
11444447542444444444475424444111
11333317542133333333175421333111
11333217542133233332175421333143
11333317542133333333175421333130
11111117542111111111175421111111
11110007542000000000075420000011
11111117542111301111175421143111
