// h1-A.pxg 평탄화 격자 32x32
22223222242222221232222112222222
22223222223232232123222112222333
22222242423222222212232222222222
22222223222222222231232222222222
22222243422212232222122222222222
22222223222231222222222222222222
24242423223222432232224242222224
32223222222222221222222322222222
32223222222232221232222333222222
22222212222222222132222222142222
22222211221222232212222221322222
22222222222332222221222222322222
22222222232212222232122222222222
22222222222221232223212222424222
22222222222232122222232424234242
22222222222222212234322232232322
22222222222232231222212232222322
22222222222222222122222222222222
22222211122222222223222222222222
22222211122222232222222222211112
22222211122222222222222222111111
22222222223221222232222224241112
22222233222222132222221222322222
24222222222232212223232222322224
32222221232222221232222222222222
32222222212224332122222222222424
11222222321232212212232222222231
11122222222122222231222222222131
11222222222212232222223222222211
24222222222231222222222222222224
32222222222222122232222233222222
32242422222322222222221112222222
