// h1-B.pxg 평탄화 격자 32x32
31022222222432221232212431022224
20222222222143232122221220523222
22222211122243222212121112431022
22222211122243222231223122420022
22222222222243254222112211520222
22222222222441232122212311431022
22222222224322122231252311120222
22222222224322222221243152322222
22222442432232221212222043102222
22222221243222222131222222032222
22222214321222232231202224310222
22333322243132222221122222202222
22222225234312222232022222222222
32322224314321232222202222222252
10102222204332122222122222222243
02022523224322212232232222222222
22225431022432231222122222222222
22214310222254222122122222222222
22115202222232122221222222222222
31114310222243232122222222222252
10111202222243222223222222222243
02211122224321222232122222222222
32222222243222132222212222222252
13222222243232212222222222222245
31011122442222221232221222222244
20111112422222232122232212222222
33211124321232222212122122222223
22222222224222222254222222222222
22222222243212232232122222222222
22222222222441222212222222222222
22222222222432122231222222222222
23222333322243222221222523222225
