// h1-C.pxg 평탄화 격자 32x32
22222222244323221232221122222222
22222222443322032102221122222222
22222243422222322202332222222222
22222343222222022201222222222222
22222322222212032202123112222222
22222222222231022202222112222222
22222222222222122232222222222222
22222222232222022202222222222222
22222222222232021202222222223333
33222222222222022422222222222233
22222222221222033032222222222222
22222111222132022101222211122222
22221111112312222232122211122222
22222111122221032202212222222222
22222222222232022202233222233322
22222222222222012202222222222222
22222222222222031202222222222222
22222222222223022102233333222222
22222222222222222222223333222222
22222222222222032203333332222222
22222222222222022202123332112222
22222222222221432202222221112222
44322222223222221202223222222443
42222222222232012202232222223423
22222214432222221232322222223223
22222234212222032102222112244322
43223322221232022202221112344324
22222212223122022201222222342234
22222122222212032243222222344332
22222224432231022222122222342222
22222234222222122232222222322222
22222232222222022202222222222222
