// hf5-C.pxg 평탄화 격자 32x32
44444441313131314444444131313131
22222221313131312222222131313131
44444441313131314444444131313131
22222221313131312222222131313131
44444441313131314444444131313131
22222221313131312222222131313131
44444441313131314444444131313131
22222221111111112222222111111111
31313131444444413131313144444441
31313131222222213131313122222221
31313131444444413131313144444441
31313131222222213131313122222221
31313131444444413131313144444441
31313131222222213131313122222221
31313131444444413131313144444441
11111111222222211111111122222221
44444441313131314444444131313131
22222221313131312222222131313131
44444441313131314444444131313131
22222221313131312222222131313131
44444441313131314444444131313131
22222221313131312222222131313131
44444441313131314444444131313131
22222221111111112222222111111111
31313131444444413131313144444441
31313131222222213131313122222221
31313131444444413131313144444441
31313131222222213131313122222221
31313131444444413131313144444441
31313131222222213131313122222221
31313131444444413131313144444441
11111111222222211111111122222221
