// hf5-B.pxg 평탄화 격자 32x32
00000000000000000000000000000000
33333304444444444444444444333333
22222204333333333333333333222222
22222204333333333333333333222222
22222204333333311133333333222222
22222204333333333333333333222222
22222204333333333333333333222222
11111102222222222222222222111111
00000000000000000000000000000000
33333333555555555555033333333333
22222222444444444444032222222222
22222222444444444444032222222222
22222222444444444444032211222222
22222222444444444444032222222222
22222222444444444444032222222222
11111111333333333333011111111111
00000000000000000000000000000000
44444444444405555555555555555555
33333333333305444444444444444444
33333333333305444444444444444444
33333333333305444444444444444444
33333111333305444444444444444444
33333333333305444444444444444444
22222222222203333333333333333333
00000000000000000000000000000000
44444444444444443333333333330444
33333333333333332222222222220433
33333333333333332222222222220433
33333333333333332222222222220433
33333333311333332222222222220433
33333333333333332222222222220433
22222222222222221111111111110222
