// hf5-A.pxg 평탄화 격자 32x32
11111111111111111111111111111111
44444413333333333333331444444444
33333312221111122222221333333333
33333312222222222222221333222233
11111111111111111111111111111111
44444444444444144444444444444444
33333333333333133333222223333333
33222233333333133333333333333333
11111111111111111111111111111111
33333333333333333333333333133333
22222222222222211122222222122222
22222222111111222222222222122222
11111111111111111111111111111111
33144444444444444413333333333333
22133333333211233312222222222222
22133333333312333312222221111122
11111111111111111111111111111111
33444444431333333333333333333333
21111122221222222222222222222222
22222222221222222211112222222222
11111111111111111111111111111111
44444444444444441444444444444414
33333333333333331333332222333313
33333222223333331333333333333313
11111111111111111111111111111111
33333333333333333333313333333333
22222222222211111222212222222222
22222222222222222222212222211122
11111111111111111111111111111111
33333333144444444444444444441333
22111222133333333333333333331222
22222222133333332222233333331222
