// w6-B.pxg 평탄화 격자 16x32
.11111111111111.
3777777777776661
3777777665555541
1777777777776661
1333333222221111
1525555115544111
1514444114433111
1514444114433111
1512222112211111
1512222112211111
1566666555554411
1525555115544111
1514444114433111
1514444114433111
1512222112211111
1512222112211111
1566666555554411
1525555115544111
1514444114433111
1514444114433111
1512222112211111
1512222112211111
1566666555554411
1525555115544111
1514444114433111
1514444114433111
1512222112211111
1512222112211111
1344444444444411
1344444444444411
12333333--------
11111~~~~~~~~~~~
