// w6-C.pxg 평탄화 격자 16x32
.11111111111111.
1777777777777771
1666666666666661
1444444444444441
1435322222353231
1454223532542231
1454225422542231
1454225422542231
1454225422542231
1454225422542231
1432123212321231
1655555555555531
1422223532353231
1435325422542231
1454225422542231
1454225422542231
1454225422542231
1454225422542231
1432123212321231
1655555555555531
1435323532222231
1454225422353231
1454225422542231
1454225422542231
1454225422542231
1454225422542231
1432123212321231
1655555555555531
5555555555555555
4444444444444444
3333333333333333
1111111111111111
