// s5-C.pxg 평탄화 격자 32x32
..6666666666666666666666666666..
.455555555555555555555555555552.
54211111111111111111111111111122
54255555553555555133333333333322
54266666666666666133333433333322
54266666666666666133333333333322
54262222222222266133333333333222
54266666666655555553555555143322
54262222222266666666666666133322
54266666666666666666666666133322
54262222222263333333333366133322
54266666666666666666666666133322
54262222222263333333333366133322
54266666666666666666666661333322
54266666666633333333333661333322
54231111111666664441666661333322
54243333333633334441333661333322
54235555553555554414666661333322
54236666666666664444666661333322
54236666666666661111111111133322
54246444444444661333323333332322
54226666666666661336666366661322
54236444444444661336666666661322
54233666666666666136666666661322
54233644444444466136444444661322
54233666666666666136666666661322
54233644444444466136444444661322
54233666666666666136666666661322
54233111111111111333111111111322
54233333333333333333333333433322
.222222222222222222222222222222.
..1111111111111111111111111111..
