// w4-A.pxg 평탄화 격자 32x48
................................
................................
................................
................................
................................
................................
................................
................................
................................
................................
77777777777777777777777777777777
66666666666666666666666666666666
55555455555455555455555455555555
33333333333333333333333333333333
64000000000000000000000000000042
64111111111111111111111111111142
64111111111111111155551111111142
64111111111111111142421111111142
64555111111111111144441111111142
64432555555555555542425555555142
64444433243243243242424324332142
64432444444444444442424444444142
64452433243243243233334324332142
64432453245245245242424524532142
64432433243243243242424324332142
66666666666666666666666666666664
33333333333333333333333333333332
64000000000555000000055500055542
64555111555432555111143255543242
64432555432444432555544443244442
64444432444432444433243244443242
64432444432452432444445243245242
64452432452333452433233345233342
64432452432432432453243243243242
64432432432432432433243243243242
66666666666666666666666666666664
33333555555333333555555533355532
64000433242000000432433200043242
64555444444555111444444411144442
64432433242432555432433255543242
64444453242444432452453243245242
64432433242432444432433244443242
64452333333452432333333343233342
64432433242432452432433245243242
64432433242432432432433243243242
66666666666666666666666666666664
33333333333333333333333333333332
11111111111111111111111111111111
