// w4-B.pxg 평탄화 격자 32x48
................................
................................
................................
................................
................................
................................
................................
................................
................................
................................
88888888888888888888888888888888
66666666666666666666666666666666
55555455555455555455555455555555
33333333333333333333333333333333
64000000000000000000000000000042
64000000000000000000000000000042
64000000000000000066660000000042
64000000000000000051510000000042
64456000000000000055550000000042
64321666666666666651516666666042
64345533153153153151515315331042
64321555555555555551515555555042
64341533153153153133335315331042
64321553155155155151515515531042
64321533153153153151515315331042
77777777777777777777777777777774
33333333333333333333333333333332
64000000000444000000044400044442
64456000666531666000053166653142
64321666531555531666655553155542
64345531555531555533153155553142
64321555531551531555555153155142
64341531551333551533133355133342
64321551531531531553153153153142
64321531531531531533153153153142
77777777777777777777777777777774
33333666666333333666666633366632
64000311030000000310311000031042
64456555555666000555555500055542
64321533151531666531533166653142
64345553151555531551553153155142
64321533151531555531533155553142
64341333333551531333333353133342
64321533151531551531533155153142
64321533151531531531533153153142
66666666666666666666666666666664
33333333333333333333333333333332
11111111111111111111111111111111
