// h117-A.pxg 평탄화 격자 32x32
..0000000000000000000000000000..
.025555555555555555555555555520.
05666666666655666666666666665520
05644444444444444444444444453220
05622222222222221111111111113220
05622222222222111111111111113220
05622222222211222111111111113220
05622222221122442211111111113220
05622222221224434221111111113220
05622222212242222221111111113220
05622222112244443220111111113220
05622221112205544435001111113220
05622221112250554350301111113220
05622211112255054503301111113220
05622211112255400033301111113220
05622111112255440333301111113220
05622111112255405033301111113220
05621111111255053303321111113220
05621111111150533350321111113220
05621111111105333335011111113220
05621111111113432111111111113220
05621111110044444001111111113220
05621111100254545201111111113220
05621110044245554220111111113220
05621100444424542220111111113220
05621044444422022220111111113220
05620444442222002222011111113220
05620444222222002222211111113220
05655555555554444444443333333220
05444444444444443333333333332220
.023333333333333333333333332220.
..0000000000000000000000000000..
