// hf2-A.pxg 평탄화 격자 32x32
11111111111111111111111111111111
55555555555555555555555555555555
33333333333333333333333333333333
22222222222222222222222222222222
66366636663666366636663666366636
44444444444444444444444444444444
22222222222222222222222222222222
55524442555244425552444255524442
55524442555244425552444255524442
55524442555244425553344255524442
55524442555244425552444255524442
55533442555244425552444255524442
55524442555244425552444255533442
55524442555334425552444255524442
55524442555244425552444255524442
55524442555244425552444255524442
55524442555244425552444255524442
55524442555244425552444255524442
55524442555244425552444255524442
66666666666666666666666666666666
44444444444444444444444444444444
22222222222222222222222222222222
55555555555555555555555555555555
44444444444444444444444444444444
22222222222222222222222222222222
42222222222222224222222222222222
42333333333333424233333333333342
42333333333333424233333333333342
44444444444444424444444444444442
55555555555555555555555555555555
22222222222222222222222222222222
11111111111111111111111111111111
