// hf2-A.pxg 평탄화 격자 32x32
33333332333333323333333233333332
33333332333333323333333233333332
33333332333333323333333233333332
33433332333333323333343233333332
33333332333233323333333233333332
33333332333333323333333233333332
33333332333333323333333233333332
22222222222222222222222222222222
33333332333333323333333233333332
33333332333333323333333233333332
33333332333303323333333233333332
33333332333330323333333233333332
33333232333330323333333233333332
33333332333333003333233233333332
33333332333333323333333233333332
22222222222222222222222222222222
33333332333333323333333233333332
33333332333333323333333233333332
33333332333333323333333233333332
33333332333333323333333233333332
33343332333333323333333233333332
33333332333323323333333233333232
33333332333333323333333233333332
22222222222222222222222222222222
33333332333333323333333233333332
33333332333333323333333233333332
33333332333333323333333233333332
33333332333333323333333233333332
33333332333333323333333133333332
33333332333333323333333233333332
33333332333333323333333233333332
22222222222222222222222222222222
