// hf2-C.pxg 평탄화 격자 32x32
11333332333333323333333233333332
13333332333333323333333233333332
33333322333333323233333233333332
33332232333333323322333233333332
33223332333333323333233233333332
32333332333333323333323233333332
33333332333333323333333233333332
22222222222222222222222222222222
33333332333333323333333233333332
33333332333333323333333233223332
33333332333333323333333233332332
33333332333333323333333233333222
33333332322333323333333233333332
33333332333223323333333233333332
33333332333332323333333233333332
22222222222222222222222222222222
33333332333333323333333233333332
33333332333333023323333233333332
33233332333333303332233233333332
33322332333333303333323233333332
33333232333333320333332233333332
33333322333333323333333233333332
33333332333333323333333233333332
22222222222222222222222222222222
33333332333333323333333233333332
33333332333333323333333232333332
33333332322333323333333233223332
33333332333233323333333233332332
33333332333322323333333233333232
33333332333333323333333233333332
33333332333333323333333233333332
22222222222222222222222222222222
