// hf2-B.pxg 평탄화 격자 32x32
44444444111111114444444411111111
43333332100000004333333210000000
43333332100000004333333210000000
43333332100000004333333210000000
43333332100000004333333210000000
43333332100000004333333210000000
43333332100000004333333210000000
42222222100000004222222210000000
11111111444444441111111144444444
10000000433333321000000043333332
10000000433333321000000043333332
10000000433333321000000043333332
10000000433333321000000043333332
10000000433333321000000043333332
10000000433333321000000043333332
10000000422222221000000042222222
44444444111111114444444411111111
43333332100000004333333210000000
43333332100000004333333210000000
43333332100000004333333210000000
43333332100000004333333210000000
43333332100000004330333210000000
43333332100000004330333210000000
42222222100000004222022210000000
11111111444444441111111144444444
10000000433333321000000043333332
10000000433333321000000043333332
10000000433333321000000043333332
10000000433333321000000043333332
10000000433333321000000043333332
10000000433333321000000043333332
10000000422222221000000042222222
