// h4-A.pxg 평탄화 격자 32x32
45555555555555555555555555555551
44444444444444421444444444444341
42455555555555121455555555555331
43444444444444121444444444444231
43433333333332121433333333332231
43433555555232121433555555232221
43433411144232121433411111232131
43433222222232121433222222232131
43433333333332121433333333332131
43433333333332121433333333332131
43433255555232121433255555232131
43423321112332121433321112332131
43433333333232121433333333332131
42433333333332121433333333332131
43111111111111121111111111111131
42222222222222221222222222222221
41111111111111121111111111111111
43455555555555121344444444444131
43444444444444121311111111111131
43433333333332121311155144111131
43433555555232121314455444421131
43433411114232121314455444421131
43433222222232121313333333331131
43433333333332121314444444421131
42433333333332121352222222225131
43433255555232121322244133222131
43433321112332121455544133555131
43433333333332121433353142333121
43433333333332121433333233333131
43111111111111121111111111111131
43332333333333321333333333233331
11111111111111111111111111111111
