// h4-C.pxg 평탄화 격자 32x32
34444444444444444444444444444441
32222222222222212222222222222221
32355555555555112355555555555121
32322222222222112322222222222121
32322222222222112322222222222121
32321112221112112321112221112121
32321412221412112321412221412121
32321112221112112321112221112121
32322222222222112322222222222121
32322222222222112322222222222121
32322222222222112322222222222121
32322555555522112322555555522121
32322111111122112322111111122121
32322222222222112322222222222121
32111111111111112111111111111121
31111111111111111111111111111111
32222222222222212222222222222221
32355555555555112344444444444121
32322222222222112322222222222121
32322222222222112322222222222121
32321112221112112323332223332121
32321412221412112323032223032121
32321112221112112323332223332121
32322222222222112322222222222121
32322222222222112322222222222121
32322222222222112322555555222121
32322555555522112322444444222121
32322111111122112322444444222121
32322222222222112322444443222121
32111111111111112322444443222121
32222222222222212222222222222221
11111111111111111111111111111111
