// h42-A.pxg 평탄화 격자 32x32
................................
................................
................................
.......................00.......
......................0630......
.....................053320.....
00000000000000000000005332000000
05556666666666655555053332205550
04444114124114444444400000044440
04444414224114444444443333334440
03332222222222233333333333333330
06666666666666666666666666666660
01111111111111111111111111111110
03222222222222201222222222222210
03244424442444201244424452444210
03245424542444201254424442444210
03244424442454201244424542445210
03244424452444201244424442444210
03254424442444201245424542444210
03244424542445201244424442454210
03244424442444201244424452444210
03245424542444201254424442444210
03244424442454201244424542445210
03244424452444201244424442444210
03254424442444201245424542444210
03244424542445201244424442454210
03244424442444201244424452444210
03245424542444201254424442444210
03222222222222201222222222222210
02222222222222222222222222222220
01111111111111111111111111111110
00000000000000000000000000000000
