// h42-E.pxg 평탄화 격자 32x32
................................
................................
................................
................................
......................54........
.....................4655.......
12223222322223222326465532223220
14444444344444445454354432445440
14455255355255445564544443244540
14455525325555445434233332445440
14433333233333445214445444544440
16666665666666666566666666666560
12222222222222222222222222222220
15422222225422222222542222222430
15443332325443332332544333232430
15443332325443332332544333232430
15443332325443332332544333232430
15443332325443332332544333232430
15443232325443332332544323232430
15443332325443332332544333232430
15443332325443233332544333232430
15443332325443332332544333232430
15443333325443332332544333332430
15443332325443332332544333232430
15443322325443332332544332232430
15443332325443332332544333232430
15443332325443332332544333232430
15443332325443332332544333232430
15422222225422222222542222222430
13333333333333333333333333333330
12222222222222222222222222222220
00000000000000000000000000000000
