// h42-D.pxg 평탄화 격자 32x32
................................
................................
................................
................................
................................
................................
11111111111111111111111111111111
16666666666666666666666556666661
16556666446666555555554553555551
16556333443336555555554543555551
16556336446336555555524333255551
16552222222222555555554444455551
14444444444444444444444444444441
16555555555555555555555555555551
13333333333333333333333333333331
12222222222222222222222222222221
15555555555555555555555555555551
15434555555553354345555555535431
15434333333352354343333333525431
15534344424452355343444244525531
15434344424452354343444244525431
15434344554452354343445544525431
15434344563452354343445634525431
15434344553452354343445534525431
15434344324452354343443244525431
15434344424452354343444244525431
15534344424452355343444244525531
15434555555552354345555555525431
15432222222222354322222222225431
14444444444444444444444444444441
13333333333333333333333333333331
11111111111111111111111111111111
