// h42-C.pxg 평탄화 격자 32x32
................................
................................
................................
................................
................................
................................
00000000000000000000000000000000
05555555555555555555555555555550
05555555565555555555555565555550
05555333356553335555555654355550
05555555565555555555555654355550
05555333356553335555555433355550
04444444444444444444444444444440
06666666666666666666666666666660
02222222222222222222222222222220
04444444444444444444444444444430
04422222222222244222222222222430
04423333323333344233333233333430
04423333323333344233333233333430
04423333323333344233333233333430
04423333323333344233333233333430
04423333323333344233333233333430
04423333323333344233333233333430
04423333323333344233333233333430
04423333323333344233333233333430
04423333323333344233333233333430
04423333323333344233333233333430
04423333323333344233333233333430
04444444444444444444444444444430
04444444444444444444444444444430
01111111111111111111111111111110
00000000000000000000000000000000
