// s3-A.pxg 평탄화 격자 32x32
................................
................................
................................
55555555555555555555555555555555
66666666666666666666666666666666
25555552255555522555555225555552
25444432254444322544443225444432
25111132251111322511113225111132
25444432254444322544443225444432
25111132251111322511113225111132
25444432254444322544443225444432
25111532251115322511153225111532
25466432254664322546643225466432
25444432254444322544443225444432
25444432254544322544443225444432
23333332233444322333333223333332
22222222222222222222222222222222
25555552255555522555555225555552
25444432254444322544443225444432
25111132251111322511113225111132
25444432254444322544443225444432
25111132251111322511113225111132
25444432254444322544443225444432
25111532251115322511153225111532
25466432254664322546643225466432
25444432254444322544443225444432
25444432254444322544544225444432
23333332233333322333444223333332
11111111111111111111222111111111
22222222222222222222222222222222
~~~~~~~~~~~~~~~~~~~~~~~~~~~~~~~~
--------------------------------
