// s3-B.pxg 평탄화 격자 32x32
................................
................................
................................
66666666666666666666666666666666
44444444444444444444444444444444
15555551155555511555555115555551
15222201152222011522220115222201
15000001150000011500000115000001
15222201152222011522220115222201
15000001150000011500000115000001
15222201152222011522220115222201
15000501150005011500050115000501
15266201152662011526620115266201
15222201152222011522220115222201
15253301152222011522220115222201
10033301100000011000000110000001
11111111111111111111111111111111
15555551155555511555555115555551
15222201152222011522220115222201
15000001150000011500000115000001
15222201152222011522220115222201
15000001150000011500000115000001
15222201152222011522220115222201
15000501150005011500050115000501
15266201152662011526620115266201
15222201152222011522220115222201
15222201152222011522220115244401
10000001100000011000000110044401
00000000000000000000000000022200
11111111111111111111111111111111
~~~~~~~~~~~~~~~~~~~~~~~~~~~~~~~~
--------------------------------
