// s3-C.pxg 평탄화 격자 32x32
................................
................................
................................
55555555555555555555555555555555
44444444444444444444444444444444
15555551222222221555555115555551
15333351100000011533332115333321
15111151155665511511112115111121
15333351105331011533332115333321
15111151105331011511112115111121
15333351105331011533332115333321
15111651105331011511162115111621
15366351105331011536632115366321
15333351105331011533332115333321
15333351100000011533332115333321
12222251100000011222222112222221
11111111111111111111111111111111
15555551155555511555555115555551
15333321153333211533332115333321
15111121151111211511112115111121
15333321153333211533332115333321
15111121151111211511112115111121
15333321153333211533332115333321
15111621151116211511162115111621
15366321153663211536632115366321
15333321153333211533332115333321
15333321153333211533544115333321
12222221122222211222444112222221
11111111111111111111222111111111
11111111111111111111111111111111
~~~~~~~~~~~~~~~~~~~~~~~~~~~~~~~~
--------------------------------
