// j3-A.pxg 평탄화 격자 32x32
23322224322234322224322224322222
23322224322224322224322224332222
24322223332224322224322224322222
24322224322224322224322224322222
24322224322224322224322224322222
24322224322224322223322224322212
24322224322224321224322224322222
24322224322224322224322224322222
24322224322224322224322224322222
24322224322224322224322224322222
24332224322224322224322224322222
24322224322224322224322224322222
24322224322224322123322224322222
24322224322224322224322324322222
24322224322224322224322224322222
23321314321224322224322224322222
24322224322224322224322224322222
24322224322224322224322224322222
24322223322224322224322224322222
24322224322224332224322224322222
24322224332224322224322224322222
24322224322214322223322224322222
24322224322224322224322124322232
24322224321224322224332224322222
24322224322224322224322224322222
24322224322224332224322324322122
24332224322224322224322224322222
24322224321224321323322224322222
24322224322224322214321224322112
24322224322224322224322224322222
24322124322224322224322224322222
24322224322224322324322224322322
