// j3-B.pxg 평탄화 격자 32x32
15330115430115430115430115430111
15430115430115430114430115430111
15330115420115430115430114420112
15430115430115430115430115430111
15430115430115430115430115430111
15430125430115430115430115430111
05430115430105430115430215430111
15430115430115430115420115430111
15430115430105430115430115430111
15430115430115430124430115430111
15430115430215430115430115430111
15430115430115430115430115430111
14430215330115430115430115430111
15430115430115430115430115430111
15430115430115430115430115430111
15330115430115430115430115430111
15430115430115430115330115430111
15430115430015330115430115430111
15430104430115420115420115430111
15430115430115430105430115430110
15430115330115430115430115430111
15430115430115430115430115430110
15430114430115420115430115430111
15430115430115430115430115430111
15430115430115420115330115430111
15430115430115430115430115430111
15430115430115430115430115430111
15430115430115430115430115430111
15430115430115420115430115330111
15430115430115430115420115430111
15430115430114330115430115430111
15430115430115430115430115430111
