// j1-A.pxg 평탄화 격자 64x48
4444444444444444444444444444444444444444444444444444444444444444
4444444444444444444444444444444444444444444444444444444444444444
4444444444444444444444444444444444444444444444444444444444444444
4444444444444444444444444444444444444444444444444444444444444444
4444446666666666666666666666666666666662444444444444444444444444
4444445555755555555555455575555555555552444444444444444444444444
4444445557555555555555455755555555555552444444444477777777344444
4444445575555555555555457555555555555552444444444466666666344444
4444445555555555555555455555555555555552444444444466666666344444
4444445555555555555555455555555555555552444444444466666666344444
4444445555555555555555455555555555555552444444444466666666344444
4444445555555555555555455555555555555552444444444466666666344444
4444445555555555555555455555555555555552444444444466666666344444
4444445333333333333333333333333333333332444444444465555555344444
4445555555555555555555555555555555555555555554444433333333344444
4443333333333333333333333333333333333333333334444444444444444444
4443443443443443443443443443443443443443443444444222222222224444
4443443443443443443443443443443443443443443444444444444444444444
4443443443443443443443443443443443443443443444444444444444444444
4443443443443443443443443443443443443443443444444444444444444444
4443443443443443443443443443443443443443443444444444444444444444
4443333333333333333333333333333333333333333334444444444444444444
4443333333333333333333333333333333333333333334444444444444444444
4441111111111111111111111111111111111111111114444444444444444444
3333333333333333333333333333333333333333333333333333333333333333
4444444444444444444444444444444444444444444444444444444444444444
4444444444444444444444444444444444444444444444444444444444444444
4444444444444444444444444444133333333313333333314444444444444444
4444445555555555555551444444133333333313333333314444444444444444
4444444333333333333331444444133333333313333333314442222444444444
4444444333333333333331444444133333333313333333314442142444444444
4444444333333333333331444444133333333313333333314442412444444444
4444444333333333333331444444133333333313333333314442142444444444
4444444333333333333331444444133333333313333333314442222444444444
4444444333333333333331444444133333333313333333314444444444444444
4444444333333333333331444444133333333313333333314444444444444444
4444444333333333333331444444133333333313333333314445555514444444
4444444322322322322321444444133333336313633333314443333314444444
4444441111111111111111444444132222222313222222214443000014444444
4444444444444444444444444444133333333313333333314443333314444444
4444222222222222222222224444133333333313333333314441111114444444
4444444444444444444444444444133333333313333333314444444444444444
4444444444444444444444444444133333333313333333314444444444444444
4444444444444444444444444444100000000000000000014444444444444444
4444444444444444444444445555555555555555555555555555444444444444
3333333333333333333333334444444444444444444444444444333333333333
3333333333333333333333334444444444444444444444444444333333333333
3333333333333333333333332222222222222222222222222222333333333333
