// j1-C.pxg 평탄화 격자 64x48
4444444444444444444444444444444444444444444444444444444444444444
4444444444444444444444444444444444444444444444444444444444444444
4444444444444444444444444444444444444444444444444444444444444444
4444442222222222222244442222222222222244444422222222222222224444
4444442535353535353244442535353535353244444425555555255555524444
4444442535353535353244442535353535353244444425755555255555524444
4444442535353535353244442535353535353244444425555555255555524444
4444442535353535353244442535353535353244444425555555255555524444
4444442535353535353244442535353535353244444425555555255555524444
4444442535353535353244442535353535353244444425555555255555524444
4444442222222222222244442222222222222244444422222222222222224444
4444442222222222222244442222222222222244444444444444444444444444
3333333333333333333333333333333333333333333333333333333333333333
1111111111111111111111111111111111111111111111111111111111111111
4444444444444444444444444444444444444444444444444444444444444444
4455555555555555555555555555555555555555555555555555555555555544
4433333333333333333333333333333333333333333333333333333333333344
4444444444444444444444444444444444444444444444444444444444444444
4442444244424442444244424442444244424442444244424442444244424444
4442444244424442444244424442444244424442444244424442444244424444
4442444244424442444244424442444244424442444244424442444244424444
4442444244424442444244424442444244424442444244424442444244424444
4442444244424442444244424442444244424442444244424442444244424444
4411111111111111111111111111111111111111111111111111111111111144
1111111111111111111111111111111111111111111111111111111111111111
3333333333333333333333333333333333333333333333333333333333333333
4444444444444444444444444444444444444444444444444444444444444444
1224444444444444444444444221221240222220222220222224221221221221
1221111111111111111111111221221210222220252220222221221221221221
1221115151515151515151511221221210222220255220222221221221221221
1221114141414141414141411221221210222220222220222221221222221221
1221114141414141414141411221221210111110111110111111221214221221
1221114141414141414141411221221213333333331333333331221241221221
1221114141414141414141411221221213333333331333333331221214221221
1221114141414141414141411221221213333333331333333331221222221221
1221114141414141414141411221221213333333331333333331221221221221
1221114141414141414141411221221213333333331333333331221221221221
1221114141414141414141411221221213333333631363333331221221221221
1221114141414141414141411221221213222222231322222221221221221221
1221114141414141414141411221221213333333331333333331221221221221
1221114141414141414141411221221213333333331333333331221221221221
1221111111111111111111111221221213333333331333333331221221221221
1223333333333333333333333221221213333333331333333331221221221221
1221221221221221221221221221221210000000000000000001221221221221
4444444444444444444444444444444444444444444444444444444444444444
3333333333333333333333333333333333333333333333333333333333333333
3333333333333333333333333333333333333333333333333333333333333333
1111111111111111111111111111111111111111111111111111111111111111
