// hf6-B.pxg 평탄화 격자 32x32
66666666666666666666666666666666
55555555555555555555555555555555
22222222222222222222222222222222
55555555555555555555555555555555
55555555555555555555555555555555
55555555555555555555555555555555
55555555555555555555555555555555
55555555555555555555555555555555
55555555555555555555555555555555
55555555555555555555555555555555
55555555555555555555555555555555
55555555555555555555555555555555
66666666666666666666666666666666
11111111111111111111111111111111
55555551555555515555555155555551
55555551555555515555555155555551
55555551555555515555555155555551
55555551555555515555555155555551
55555551555555515555555155555551
55555551555555515555555155555551
44444441444444414444444144444441
11111111111111111111111111111111
55555551555555515555555155555551
55555551555555515555555155555551
55555551555555515555555155555551
55555551555555515555555155555551
55555551555555515555555155555551
55555551555555515555555155555551
44444441444444414444444144444441
44444444444444444444444444444444
11111111111111111111111111111111
00000000000000000000000000000000
