// hf6-C.pxg 평탄화 격자 32x32
55555555555555555555555555555555
44444444444444444444444444444444
22222222222222222222222222222222
44444444444424444444444444444444
44433444444424444444444444444444
44433344444424444444444444544444
44423244444442444444444444454444
44442244444442444444444444455444
44444444444442444443344444445444
44444444444442444443334444445444
44444444444442444442324444444444
44444444444412144444444444444444
44444444444444444444444444444444
11111111111111111111111111111111
55555542666666524444443255555542
54444432655555424333332254444432
54444432655555424333332254444432
54444432655555424333332254444432
54444432655555424333332254444432
54444432655555424333332254444432
43333332544444423222222243333332
22221112222222222222222222222222
66525555554244444432225555426666
55425444443243333322224444326555
55425444443143333322544444326555
55425444443143333322544444326555
55425444443143333322544444326555
55425444443143333322544444326555
44424333333232222222433333325444
44333444444444444334444444444444
11111111111111111111111111111111
00000000000000000000000000000000
