// h44-D.pxg 평탄화 격자 16x48
................
55............55
33............33
1755555555555541
1733333333333341
1777777777777741
1766666666666641
1735555555377741
1734444444366641
1733333333342441
1743335333377741
1733353533342441
1733335333242441
1722222222242441
1755555555577741
1766663666642441
1733333333342441
1711111111141441
1722222222277741
1722222222242441
1722222222242441
1722222222242441
1722222222277741
1722222222242441
1722222222242441
1755555555542441
1766666666642441
1735555555377741
1734444444342441
1733333333342441
1743335333377741
1733353533342441
1733335333242441
1722222222242441
1755555555577741
1766663666642441
1766666666642441
1744444444442441
1733333333377741
1711111111142441
1711111111142441
1711111111142441
1711111111177741
1711111111142441
1711111111142441
1711111111142441
1711111111142441
111~~~~~~~~~~111
