// w3-A.pxg 평탄화 격자 32x48
................................
................................
................................
................................
................................
................................
................................
................................
15443252222222222222222222222221
15443236666666666666666666666662
15443255555564555555555555645432
15443235555645555555555556455532
15443255556455555555555564555432
15443235564555555555555645555532
15443255645555555555556455555432
15443235455555555555564555555532
15443255555555555555645555555432
15463235555555555556455555555532
15464255555555555564555555555432
15464235555555555645555555555532
15464255555555556455555555555432
16666635555555564555555555555532
14464455555555645555555555556432
15464235555556455555555555564532
15464255555564555555555555645432
15464235555645555555555556455532
15443255556455555555555564555432
15443235564555555555555645555532
15443255645555555555556455555432
15443235455555555555564555555532
15443255555555555555645555555432
15443235555555555556455555555532
15443255555555555564555555555432
15443233333333333333333333333333
15443255353535353535353535353532
11111111111111111111111111111111
22222222222222222222222222222222
25544444444444444444444444444210
25533333323333333333332333333210
25533333323333333333332333333210
25533333323311111112332333333210
25533333323315565552332333333210
25533333323315564552332333333210
25533333323315664452332333333210
25533333323315565552332333333210
25533333323315565552332333333210
25533333323312222222332333333210
00000000000000000000000000000000
