// w3-B.pxg 평탄화 격자 32x48
................................
................................
................................
................................
................................
................................
................................
................................
15542152222222222222222222222222
16542136666666666666666666666611
16542152366332556633255663324411
15542132366312556631255663124411
16542152366312556631255663124411
16542132366312556631255663124411
15542152366312556631255663124411
16542132366312556631255663124411
16542152366312556631255663124411
15562132366312556631255663124411
16564152366312556631255663124411
16564132366312556631255663124411
15564152366312556631255663124411
16666632366312556631255663124411
14464452366312556631255663124411
15564132366312556631255663124411
16564152366312556631255663124411
16564132366312556631255663124411
15542152366312556631255663124411
16542132366312556631255663124411
16542152366312556631255663124411
15542132366312556631255663124411
16542152366312556631255663124411
16542132366312556631255663124411
15542152366312556631255663124411
16542133333113333311333331133333
16542155353535353535353535353532
00000000000000000000000000000000
11111111111111111111111111111111
15555555555555555555555555552100
12222222211111111111111111111120
16543333333333333333333333322100
16543333333300000001333333322100
16543333333301161111333333322100
16543333333301463311333333322100
16543333333301666611333333322100
16543333333301362211333333322100
16543333333301161111333333322100
16543333333302222221333333322100
00000000000000000000000000000000
