// w3-C.pxg 평탄화 격자 32x48
................................
................................
................................
................................
................................
................................
................................
................................
22222222222222222222222222222221
26666666666666666666666666666631
26555555555555444432555555555531
26555555555555444432555555553531
26555455555555444432555455553531
26554455555555444432554555453531
26555555555555444432545555553531
26555555555455444432455555553531
26555555554555444432555555553531
26555555545555444432555555543531
26555555455555444432555555453531
26555554555555444432555554553531
26555545555555444432555545553531
26555455555555444432555455553531
26554555555555444432554555553531
26555555555555444432545555553531
26555555555455444432455555553531
26555555554555444432555555553531
26555455545555444432555555443531
26555555455555444432555555453531
26553333333355444432333333333531
26555555555555444432555555555531
26555555555555444432555555555531
44444444444555555555544444444442
22222222222111111111122222222222
14222222222554444443222222222210
14222222222554444443222222222210
14224444422554444443222444442210
14221111102554444443222111110210
14221111102554464443222111110210
14221111102554464443222111110210
14221111102556664643222111110210
14221111102554464443222111110210
14221111102554464443222111110210
14221151102554464443222115110210
14221151102554444443222115110210
14221141102554444443222114110210
14221131102222222222222113110210
14233333332353535353523333333210
00000000000000000000000000000000
