// v34-A.pxg 평탄화 격자 16x32
0000000000000000
3333333333333333
3333333333333333
3333333333333333
3333333333333333
3333333333333333
3333333333333333
4444444444444444
4444444444444442
4333333333333332
4333333333333332
4222222222222222
4222222333222222
4222233222332222
4223322111223322
4232211111112232
4321111111111122
4211111111111112
4111111111111112
4111111111111112
4111111111111112
4111111111111112
4111111111111112
4111111111111112
4133113311331132
4331133113311332
4311331133113312
4113311331133112
1111111111111111
1111111111111111
0000000000000000
................
