// v6-A.pxg 평탄화 격자 96x16
545444445554455544445555455454554544454455455555342234333222220034223433222222003422343332222200
333343334333443533345353353535435335533333333334433234334211110043323433421111004332343342211100
111131113122332311233131132313313123311111221213443334334211110044333433432111004433343342111100
111111112122122111211111112211111121111111221211243343343232220024334334322222002433433432222200
122122112122122112111112212212111221111221221211323333433321110032333343331111003233334333111100
122122112122122112111112212212111221111221221211443342233331110044334223333111004433422333311100
022120112102122010111102212012111201111021220211342222333222220034222233322222003422223332222200
022120112102122010111102212012111201111021220211333443343331110033344334333111003334433431111100
012110112102112010211101212012111101111021110121233323332111110023332333232111002333233321111100
012110112102112010211101212012111101111021110121334343433432220033434343343222003343434334322200
012110112102112010211101212012111101111021110121324432324311110032443232442111003244323244211100
012110112102112010211101212012111101111021110121234334342331110023433434221111002343343422111100
012110121102122010211101211012211201221021220221233233342222220023323334433222002332333442222200
000110000000010000011100001001000001110000100100232334324321110023233432432111002323343243111100
000100000000100010010100000010001001010000000000433333323111110043333332221111004333333222111100
010100101000110000010000100011010101001010000101332332323322220033233232332222003323323232222200
