// w70-A.pxg 평탄화 격자 32x16
11111111111111111111111111111111
16666661111166666666611111666661
14444111555111444441114441114441
13331155655441133311445442211331
13331556655544133314455444221331
13311566655554113114555444421131
13315666445555313145554444441131
13315555433333313144444333331131
13315555533333313144444333331131
13311455533333113112444333311131
13331445533333133312244333111331
13331144533331133311224331111331
13333111333111333331111111113331
12222221111122222222211111222221
11111111111111111111111111111111
.~~~~~~~~~~~~~~~~~~~~~~~~~~~~~~.
