// h5-A.pxg 평탄화 격자 32x32
55555555555555555555555555555555
55555555555555555555555555555555
34454444443544444445344444454434
34454444443544221225344444454434
34454444443544441245344444454134
34454444444444441445344444454134
34454222222224441445344444454134
34454423222224441445344444454134
34444222212224441444344444444234
34444222222244442444344444444234
34444442222224442444344444444234
34444444443444442444444444444234
34444444443444442443333333444234
34444444443444442444323333444334
34444444443444442443333333444234
34444444443444442444333344444434
34444444443444443444344444444434
34444444443444442444344444444434
34444444443444444444344444444434
33333333333333333333333333333333
66666666666666666666666666666666
22222222222222222222222222222222
33333333333333333333333333333333
21222122212221222122212221222122
21222122212221222122212221222122
21222122212221222122212221222122
21222122212221222122212221222122
21222122212221222122212221222122
11111111111111111111111111111111
22222222222222222222222222222222
11111111111111111111111111111111
00000000000000000000000000000000
