// h5-B.pxg 평탄화 격자 32x32
55555555555555555555555555555555
55555555555555555555555555555555
23353333555555555555555533353323
23153333555555555555555533353323
23153333556666666666665533353323
23153333556666666666665533353323
23153333556666666666665522223323
23153333555555555555555000000323
23133333335555555555133300000323
23133333332355555553133000000323
23233333332333555333133000003323
23233333332333333333133330000323
22233333333333333333233333333222
22231111111133333333233333333222
22233111111133333333233333333222
22231111111133333333233333333222
22233111112333333333333333333222
22233333332333333333233333333222
22233333332333333333233333333222
22222222222222222222222222222222
66666666666666666666666666666666
11111111111111111111111111111111
44444444444444444444444444444444
10111011101110111011101110111011
10111011101110111011101110111011
10111011101110111011101110111011
10111011101110111011101110111011
10111011101110111011101110111011
00000000000000000000000000000000
11111111111111111111111111111111
00000000000000000000000000000000
00000000000000000000000000000000
