// h5-C.pxg 평탄화 격자 32x32
44444444444444444444444444444444
44444444444444444444444444444444
23343333332433333334233333343323
23343333332433333334233333343323
23343333332433333334233333343323
23343333332333333333333333343323
23343333332333333333333333343323
23343333332333333334333333343323
23333333332333333333333333333323
23333333332333333333333333333323
23333333332333333333333333333323
23333333332333333333333313131323
23333333333333333333333313131323
23333333333333333333333313131323
23311111112323333323223313131323
23331121212323333323223321313123
23311121212323333323223321313123
23331121232323333323233321313123
23333323232323333323233321313123
22222222212222222222122222121212
55555555555555555555555555555555
11111111111111111111111111111111
22222222222222222222222222222222
10111011101110111011101110111011
10111011101110111011101110111011
10111011101110111011101110111011
10111011101110111011101110111011
10111011101110111011101110111011
00000000000000000000000000000000
11111111111111111111111111111111
00000000000000000000000000000000
00000000000000000000000000000000
