// hf5-A.pxg 평탄화 격자 32x32
22222222222222222222222222222222
33333333333333333333333333333333
44444444444444444444444444444444
44444444444444444444444444444444
66666666666666666666666666666665
66666666666666666666666666666665
66666666666666666665666666666665
66666556666666666666666666666665
66666666666666666666666666666665
66666666666666666666666646666665
66666666666666664666666666666665
66644666666666666666666666666665
66666666666666666666666666566665
66666666666666666666666666666665
66666666666655666666666666666665
66666666666666666666666666666665
66666666666666666666666666666665
66666666666666666666666666666665
66666666664666666666666666666665
66666666666666666666666666666665
66666666666666666666655666666665
66666666666666666666666666666665
66666666566666666666666666666665
66666666666666666646666666664665
66666666666666666666666666666665
66666666666666656666666666666665
66666666666666666666666666666665
66666666666666666666666666666665
44444444444444444444444444444444
33333333333333333333333333333331
22222222222222222222222222222220
11111111111111111111111111111110
