// hf5-C.pxg 평탄화 격자 32x32
22222222222222222222222222222222
55555555555555555555555555555555
33333333333333333333333333333333
22222222222222222222222222222222
44435444444354444443544444435444
44435444444354444443544444435444
44435444444354444443544444435444
44435444444354444443544444435444
44435444444354444443543344435444
44435444444354444443544444435444
44435433444354444443544444435444
44435444444354444443544444435444
44435444444354444443544444435444
44435444444354444443544444435444
44435444444354444443544444435444
44435444444354444443544444435444
44435444444354444443544444435444
44435444444354344443544444435444
44435444444354444443544444435444
44435444444354444443544444435444
44435444444354444443544444435444
44435444444354444443544444435344
44435444444354444443544444435444
44435444443354444443544444435444
44435444444354444443544444435444
44435444444354444443544444435444
44435444444354444443544444435444
44435444444354444443544444435444
44444444444444444444444444444444
33333333333333333333333333333331
22222222222222222222222222222220
11111111111111111111111111111110
