// hf5-B.pxg 평탄화 격자 32x32
22222222222222222222222222222222
44444444444444444444444444444444
22222222222222222222222222222222
33333333333333333333333333333333
65555555555555555555555555555554
65555555555555555555555555555554
65555555555555555555555555555554
65555555555555555555555555555554
65555555555555555555555555555554
65555555555555555555555555555554
65555555555555555555555555555554
65555555555555555555555555555554
65555555555555555555555555555554
65555555555555555555555555555554
65555555555555555555555555555554
65555555555555555555555555555554
65555555555555555555555555555554
65555555555555555555555555555554
65555555555555555555555555555554
65555555555555555555555555555554
65555555555555555555555555555554
65555555555555555555555555555554
65555555555555555555555555555554
65555555555555555555555555555554
65555555555555555555555555555554
65555555555555555555555555555554
65555555555555555555555555555554
65555555555555555555555555555554
22222222222222222222222222222222
22222222222222222222222222222210
11111111111111111111111111111100
00000000000000000000000000000000
