// j1-A.pxg 평탄화 격자 32x32
55552500000000000433333332055555
55551504444444440433333332056555
65645504444444420433333332055554
65555504333333320433333332055555
55455504333333320433333332055545
55554504333332310433333332055555
55654504333333320422222222055555
65555504333333320000000000065665
64555504334333322000000000056455
55555504333333321444444444045455
55665504333333320444444442055555
54555504333333320433333332045555
55656504333333320433333332025556
55565504333333320433333232015555
56455504222222220433333332055555
55555500000000000433333332055555
54562500002000000433433332055455
55541504441444440433333332055555
56555404444444420433333332055555
55554404333333320433333332055555
55555504333333320433333332055655
55555504333332320433333332055555
54556604333333320422222222055555
55555504333333320000000000054655
55555504334333322000002000055545
55556604333333321444441444055555
56555504333333320444444442054555
55566504333333320433333332056654
55545504333333320433333332055555
65555504333333320433333232055565
55555504222222220433333332055554
56555500000000000433333332055554
