// j1-B.pxg 평탄화 격자 32x32
65553505553553550644444442100565
55551306666666660644444442100355
55555506555555520644444442100555
56355506444444420644444442100555
55535506444444420644444442130655
53555506444444420644444442110555
35555506444445420622222222100555
35555506444444420011111111110535
56555506444334423005565565300535
35553506444444421666666666155563
55555506444444420655555552100535
63555606444444420644444442100666
56555506444444420644444442100535
55555506444444420644444442100555
55555506222222220644444542100556
63556506111111110644444442100535
65556303555656550644433442100555
55355506666666660644444442100555
55555506555555520644444442100555
55565506444444420644444442100555
55566606444444420644444442100665
55553506444444420644444442100355
55555306444445420622222222100535
55555506444444420011111111110555
55555506444334430005555565500555
55555506444444410666666666135556
55556506444444420655555552100566
56555506444444420644444442100555
55555506444444420644444442100556
55555506444444420644444442100555
55555506222222220644444542100555
55555505111111110644444442100355
