// j1-C.pxg 평탄화 격자 32x32
45555530203020303020302030055555
56456504444444440444444444056555
56556504444444420444444442056555
56556404333333320433333332056555
56556504333333320433333332056555
55655504332333320433333332055555
56556504333233320433233332066555
46556504333333320433323332056555
56556504333333320433333332056655
56556604333333320433333332066555
55555504222222220433333332055555
56556530203020300433333332066555
46556504444444440422222222046555
66556604444444423020302030056555
56556504333333320444444444066555
55555504332333320444444442055655
56556504333233320433333332056555
56556504333333320433333332056555
66556504333333320433233332056555
56556504222222220433323332056555
65555530203020300433333332065555
56556604444444440433333332046556
56556504444444420422222222056665
56556504333333323020302030056455
56556504333333320444444444066555
55555504333333320444444442045555
56556504332333320433333332056555
56556504333233320433233332056555
56556504333333320433323332056555
56456504333333320433333332056555
55555504333333320433333332055545
56456504222222220422222222056555
