// hf7-C.pxg 평탄화 격자 32x32
33333333133333333333313333333331
32222222133333333333313222222221
32222222133333333333313222222221
32212222133333333333313222222211
32221222133333333333313222222221
32221222133333333333313222222221
32222122133333333333313222222221
32222222133333333333313222222221
31111111132222222222213111111111
11111111111112211111111111111111
33331333333333333313333333331333
33331333333333333313222222221333
33331333333333333313222222221333
33331333333333333313222222221333
33331333333333333311222222221333
33331333333333333311222222221333
33331333333333333313122222221333
33331333333333333313122222221333
33331333333333333313222222221333
22221222222222222213111111111322
11112211111111111111111111121111
33333333331333333333313333333313
22222222221322222222213333333313
22222222221322222222213333333313
22222222221322222222213331333313
22222222221322222222213333133313
22222222221322222222213333333313
22222222121322222222213333333313
22222222221322222222213333333313
22222222221322222222213333333313
11111111111311111111113222222213
11111111111111111112211111111111
