// hf7-B.pxg 평탄화 격자 32x32
44444444444444403333333333333330
43333333333333303222222222222220
43333333333333303222222222222220
43333333333333303222222222222220
43333333333333303222222222222220
43333333333333303222222222222220
43333333333333303222222222222220
43333333333333303222222222222220
43333311333333303222222222222220
43333331333333303222222222222220
43333333133333303222222222222220
43333333333333303222222222222220
43333333333333303222222222222220
43333333333333303222222222222220
42222222222222203111111111111110
00000000000000000000000000000000
44444440333333333333333044444444
33333330322222222222222043333333
33333330322222222222222043333333
33333330322222222222222043333333
33333330322222222222222043333333
33333330322222222222222043333333
33333330322222222222222013333333
33333330322222222222222041333333
33333330322222222222222043333333
33333330322222222222222043333333
33333330322222222222222043333333
33333330322222222222222043333333
33333330322222222222222043333333
33333330322222222222222043333333
22222220311111111111111042222222
00000000000000000000000000000000
