// hf7-A.pxg 평탄화 격자 32x32
33333333333333313333333133333331
32222222222222213333333132222221
32222222222222213333333132222221
32222222222222213333333132222221
32222222222222213333333132222221
32222222222222213333333132222221
32222222222222213333333132222221
32222222222222213333333132222221
31111111111111113222222131111111
11111111111111111111111111111111
33333133333333333133333333333133
33333133333333333132222222222133
33333133333333333132122222222133
33333133333333333132212222222133
33333133333333333132212222222133
33333133333333333132221222222133
33333133333333333132221222222133
33333133333333333132222122222133
33333133333333333132222222222133
22222132222222222131111111111132
11111111111111111111111111111111
33313333333133333331333333333333
33313222222132222221333333333333
33313222222132222221333333333333
33313222222132222221333333333333
33313222222132222221333333333333
33313222222132222221333333333333
33313222222132222221333333333333
33313222222132222221333333333333
33313222222132222221333333333333
22213111111131111111322222222222
11111111111111111111111111111111
