// h34-B.pxg 평탄화 격자 16x32
4444444444444444
4444444444444444
4444444444444444
4444444444444444
4444444444444444
4555555555555554
4555555555555554
4555555555544444
4554555335544344
4544555335533544
4555555555545444
4555555555545454
4446444644546454
4555555555555554
4544455555544454
4455355545544444
4553555555544444
4533355565544454
4453355555545444
4544455555544454
4444454444544454
4555555555555554
4444444444444444
4444444444464444
4444444444664444
4444444444334444
4444444444444664
4444444444444444
4444444444444444
4444466666444444
4444666666644444
4466666666666644
