// v35-A.pxg 평탄화 격자 16x32
.00000000000000.
0444444444444440
0444444444444440
5555555555555550
4333333333333330
4355533333555330
4111111111111110
4111111111111110
4333333333332210
4344566555531110
4333544544534410
4311111111132210
4355544566533310
4344533544532210
4311111111133310
4366555544532210
4344544533534410
4311111111132210
4333333333331110
4111111111111110
4333333333333330
4222222222221110
4211111111111110
4211111111112210
4211111111111110
4211111111115510
4211111111112210
4333333333333330
4111111111111110
1111111111111111
1111111111111111
0000000000000000
