// h3-A.pxg 평탄화 격자 32x32
11111011111111111111101111111111
44444154444444444444415444444444
33333133222223333333313322223333
22333133333222222222212222222222
11111111111101111111111111110111
44444444444414333333333333331433
32222333333312221111112222221222
22222222222211111111111111111111
11011111111111111011111111111111
44165555555444444153333333333344
33133533332223333132222222111123
22122055222222222122111111111222
11111100551111111111111110111111
55555511005555555555555551655555
44443333110055444443334441444414
33333333311100555333333331333333
11111111111101000551111111111101
33333333333103111005533333333314
22222221111022122110055122222212
11111111111111111111000551111111
11110111111111111111011005111111
44441544444444444440154110444444
33331333333322222333133331331222
22221222222222222222122222222222
11111111110111111111111111011111
33334444441543333333335555543333
11123333331333211112254141402222
11122222221222111111121222011111
10111111111111111101112222011111
41545555555554444115444444444444
31333322233333333313332222233333
21222222222222222212222222222222
