// h3-B.pxg 평탄화 격자 32x32
00000000000000000000000000000000
55555065555555555555506555555555
33333033222223333333303322223333
11222022222111111111101111111111
00010000000000000000000000100000
55555555555505444444444444440544
31111333333302221111112222220222
11111111111101111111111111110111
00000000000000000000000000000000
55066666666555555064444444444455
33033633332223333032222222222223
11011066111111111011111111111111
00000100660000000000000000000000
66666601006666666666666660666666
44443330010066444443334440444444
22222222200100666222222220222222
00000000000001000660000000000000
44444444444100011006644444444405
22222221111022000010066122222202
11111111111111011100000661111101
00000000000000000000001006000000
55550655555555555550060010555555
33330333333322222333033300331222
11110111111111111111011111011111
00000000000000000000000000000000
44445555550554444444446666654444
11113333330333211112263030302222
11111111110111111111110111011111
00000000000000000000001111000000
50656666666665555106555555555555
30333322233333333303332222233333
10111111111111111101111111111111
