// s1-A.m3.pxg 평탄화 격자 32x32
11133333333333333333333333333111
33333333333333333333333333333333
33322222222222222222222222222333
33311111111111111111111111111330
43300000000000000000000000000343
33321333333333333333333333113333
33321321111111132222222222110333
33321321222222232222222222110333
33321321233355332222222222110333
43321321244333332222222222110333
33321321243333332222222222110333
33321321233333332222222222110333
33321321233333332222222222110333
11121321233333332222222222110111
44421321233333332222222222110444
33321321233333332222212222110333
00021321233333332222212222110000
22221321233333332222212222110220
22221321233333332222212222110220
22221321233333332222212222110220
22221321233333332222212222110220
22221321333333332222221222110220
22221322222222222222222222110220
22221322222222222222222222110220
22221322222222222222222222110220
22221322222222222222222222110220
22221322222222222222222222110220
22221322222222222222222222110220
22221322222222222222222222110220
33321322222222222222222222110333
22221322222222222222222222110222
22221......................10222
