// v34-A.pxg 평탄화 격자 64x48
1333333333333333333333333333333333333333333333333333333333333331
2444444444444444444444444444444444444444444444444444444444444442
2444444444444444444444444444444444444444444444444444444444444442
2444444444444444444444444444444444444444444444444444444444444442
2444444444444444444444444444444444444444444444444444444444444442
2444444444444444444444444444444444444444444466666666666444444442
2444444444444444444444444444444444444444444455555555555344444442
2444444444444444444444444444444444444444444455222222255344444442
2444444444444444444444444444444444444444444455222222255344444442
2444444444444444444444444444444444444444444433333333333344444442
2444444444444444444444444444444444444444444442222222222224444442
2444444444444444444444444444444444444444444444444444444444444442
2444444444444444444444444444444444444444444444444444444444444442
2444444444444444444444444444444444444444444444444444444444444442
2444444444444444444444444444444444444444444444444444444444444442
5555555555555555555555555555555555555555555555555555555555555555
2222222222222222222222222222222222222222222222222222222222222222
6666666666666666666666666666666666666666666666666666666666666666
4444444444444444444444444444444444444444444444444444444444444444
4444444444444444444444444444444444444444444444444444444444444444
2222222222222222222222222222222222222222222222222222222222222222
4331555555555555555555555555555555555555555555555555555555554331
4331444444444444444444444444444444444444444444444444444444444331
4331433333333333333333333333333333333333333333333333333333314331
4331433332444332444332444332444332444332444332444332444333314331
4331433334344334344334344334344334344334344334344334344333314331
4331433334444334444334444334444334444334444334444334444333314331
4331433334434334434334434334434334434334434334434334434333314331
4331433332222332222332222332222332222332222332222332222333314331
4331433333333333333333333333333333333333333333333333333333314331
4331422222222222222222222222222222222222222222222222222222214331
4331111111111111111111111111111111111111111111111111111111114331
4331~~~~~~~~~~~~~~~~~~~~~~~~~~~~~~~~~~~~~~~~~~~~~~~~~~~~~~~~4331
43312---------------12---------------------12----------------331
4331222212222222122212203333333333333333022122221222222212224331
4331222222222222222111101111111111111111021111222222222222224331
4331222222222222222533100333313333133330025331222222222222224331
4331245555525555552533100222232222322220025331455555255555524331
4331245555525555552533100222242222422220025331455555255555524331
4331245555525555552533100242242422724220025331455555255555524331
4331246556526556552533100224242242422420025331465565265565524331
4331245555525555552111100222242222422220021111455555255555524331
4331244444444444444222200222242222422220022222444444444444444331
43314444444444444444----0111141111411110022----44444444444444331
4331444444444444444444400~~~~~~~~~~~~~~~044444444444444444442331
4331333333333333333333300344444214444430033333333333333333332331
4331111111111111111111144444444444444444411111111111111111114331
4331000000000000000000022222222222222222200000000000000000004331
