// hf1-B.pxg 평탄화 격자 48x48
....0000000000000000000000000000000000000000....
....0000000000000000000000000000000000000000....
....0000000000000000000000000000000000000000....
666600000000000000000000000000000000000000006666
555511111111111111111111111111111111111111115555
543101111111111111111111111111111111111111105420
543104444444444444444444444444444444444444405420
543103333333333333333333333333333333333333305420
543103333333333333333333333333333333333333305420
543100002222222222222222222222222222222200005420
543100000000000000000000000000000000000000005420
543100000000000000000000000000000000000000005420
543100000000000000000000000000000000000000005420
543104444444444444444444444444444444444444405420
543103333333333333333333333333333333333333305420
543103333333333333333333333333333333333333305420
543100000000000000000000000000000000000000005420
543100000000000000000000000000000000000000005420
543100000000000000000000000000000000000000005420
543100000000000000000000000000000000000000005420
543105555555555555555555555555555555555555505420
543104444444444444444444444444444444444444405420
543104444444444444444444444444444444444444405420
543100000000000000000000000000000000000000005420
543100000000000000000000000000000000000000005420
543100000000000000000000000000000000000000005420
543100000000000000000000000000000000000000005420
543105555555555555555555555555555555555555505420
543104444444444444444444444444444444444444405420
543104444444444444444444444444444444444444405420
543100000000000000000000000000000000000000005420
543100000000000000000000000000000000000000005420
543100000000000000000000000000000000000000005420
543100000000000000000000000000000000000000005420
543106666666666666666666666666666666666666605420
543105555555555555555555555555555555555555505420
543105555555555555555555555555555555555555505420
543100000000000000000000000000000000000000005420
543100000000000000000000000000000000000000005420
543100000000000000000000000000000000000000005420
543100000000000000000000000000000000000000005420
543106666666666666666666666666666666666666605420
543105555555555555555555555555555555555555505420
543105555555555555555555555555555555555555505420
543101111111111111111111111111111111111111105420
543101111111111111111111111111111111111111105420
543101111111111111111111111111111111111111105420
543101111111111111111111111111111111111111105420
