// hf1-A.pxg 평탄화 격자 48x48
....0000000000000000000000000000000000000000....
....0000000000000000000000000000000000000000....
....0000000000000000000000000000000000000000....
....0000000000000000000000000000000000000000....
555511111111111111111111111111111111111111115555
444411111111111111111111111111111111111111114444
433102222222222222222222222222222222222222204321
433102222222222222222222222222222222222222204321
433101111111111111111111111111111111111111104321
433101111111111111111111111111111111111111104321
433100111111111111111111111111111111111111004321
433100000000000000000000000000000000000000004321
433100000000000000000000000000000000000000004321
433102222222222222222222222222222222222222204321
433101111111111111111111111111111111111111104321
433100000000000000000000000000000000000000004321
433100000000000000000000000000000000000000004321
433100000000000000000000000000000000000000004321
433102222222222222222222222222222222222222204321
433102222222222222222222222222222222222222204321
433101111111111111111111111111111111111111104321
433101111111111111111111111111111111111111104321
433101111111111111111111111111111111111111104321
433103333333333333333333333333333333333333304321
433102222222222222222222222222222222222222204321
433101111111111111111111111111111111111111104321
433101111111111111111111111111111111111111104321
433101111111111111111111111111111111111111104321
433103333333333333333333333333333333333333304321
433103333333333333333333333333333333333333304321
433101111111111111111111111111111111111111104321
433101111111111111111111111111111111111111104321
433101111111111111111111111111111111111111104321
433104444444444444444444444444444444444444404321
433103333333333333333333333333333333333333304321
433102222222222222222222222222222222222222204321
433102222222222222222222222222222222222222204321
433102222222222222222222222222222222222222204321
433105555555555555555555555555555555555555504321
433104444444444444444444444444444444444444404321
433102222222222222222222222222222222222222204321
433102222222222222222222222222222222222222204321
433102222222222222222222222222222222222222204321
433105555555555555555555555555555555555555504321
433104444444444444444444444444444444444444404321
433103333333333333333333333333333333333333304321
433103333333333333333333333333333333333333304321
433103333333333333333333333333333333333333304321
