// j5-A.pxg 평탄화 격자 32x16
23334330642000000000064203333343
33433320642022222222064203332333
33323340642011111111064204333323
43333320642011111111064203334333
33234330642013111131064203323343
33333230642010111101064203333333
23343330642011111111064203323433
33332340642011111111064203332333
34333330642000000000064203433333
33323430642022222222064202333343
23333340642011111111064203332333
33432330642011111111064203433323
33333430642013111131064203333343
43323330642010111101064203234333
33233340642011111111064203333323
33332330642011111111064202334333
