// j5-B.pxg 평탄화 격자 32x16
23335330753103333333075310233353
33533320753102222222075310232333
33323350753101111111075310233323
53333320753101111111075310235333
33235330753101311113075310223353
33333230753101101111075310233333
23353330753101111111075310223533
33332350753100000000075310232333
35333330753103333333075310233333
33323530753102222222075310233353
23333350753101111111075310232333
33532330753101111111075310233323
33333530753101311113075310233353
53323330753101101111075310235333
33233350753101111111075310233323
33332330753100000000075310235333
