// j5-C.pxg 평탄화 격자 32x16
33333307542155555555175420333333
33333307542133333333175420333333
35333307542131333333175420333333
33233307542131131113175420353333
33333307542135533551175420332333
33333507542133333333175420333333
33333307542133333333175420333353
33333307542111111111175420333332
33333307542155555555175420333333
33335307542133333333175420333333
33333207542131333333175420333533
33333307542131131113175420333323
33333307542135533551175420333333
33533307542133333333175420333333
33323307542133333333175420533333
33333307542111111111175420323333
