// h165-E.pxg 평탄화 격자 16x48
.33333333333333.
3444454444444432
3454444334444432
3444444444443332
3555554544444432
2333333333333221
2322222222222211
2412222222222211
2442441221444211
2434441241445311
2424441221444211
2414221211242211
2413421211453211
2412421211242211
2411421211422211
2411341211532211
2411241111422211
2412242224222211
2444334445344331
2333224334233221
2311114242111211
2412223553222211
2412312442222211
2412412442222211
2412314334111211
2412114444222211
2412114542222211
2412114414222211
2412112422222211
2412142224222211
2411134225322211
2412224224222211
2444423444424331
2333342333533221
2311241111421211
2414222222242211
2413421221253211
2412421241242211
2442421221224211
2434221211215311
2424421211214211
2412221211211211
2412221211111211
2412222222222211
2444444434444331
2333333323333221
2322222222222211
.222111111112221
