// h87-D.pxg 평탄화 격자 16x48
.11111111111111.
1444444444444421
1444444433333221
1443333333322221
1222222222222221
1442222222222421
1425433333345221
1422222222222221
1452000000002521
1424400222204221
1424211222224221
1425211222245221
1422411214242221
1422421214240221
1421521214450221
1421241114420221
1444442432433221
1433352334522221
1422224224222221
1420004224000221
1420025245110221
1424022442120221
1424222422120221
1424222222120221
1424222202120221
1424222202120221
1422125444220221
1422125404220221
1444422404233221
1433345222222221
1422242222422221
1420240000420221
1420450001520221
1422420221240221
1422420221142221
1424520221152221
1424220221224221
1424110221244221
1445110221245221
1442110221242421
1444444433333221
1433333332222221
1442222222222421
1425433333345221
1422222222222221
1222222222222221
.13322222222221.
.11110000011111.
