// h87-A.pxg 평탄화 격자 16x48
.11111111111111.
1444444444443331
1433333333332221
1333333333222221
2444444444433321
2333333333322220
2110000000000110
2310000000000120
2540000000000450
2234403303222320
2454203303232540
2343203203233420
2325203202335220
2334203203234320
2315403203245120
2312303203232120
2314503303254120
2311431111341120
2344254443523320
2333343322432220
2110054004500110
2310023003200120
2310045005400120
2312304242444120
2313224354222120
2313224242333120
2312221553122120
2312221434144120
2313221404122120
2313221444144120
2312225111122120
2311114334111120
2344445445433320
2333332322322220
2110054004500110
2310340000430120
2310520000250120
2313430203343120
2314524203254120
2313224203223120
2315424203245120
2334224203234320
2352224203232520
2343111111113420
2344444443333320
2333333322222220
2111111111111110
.11111111111111.
