// hf3-A.pxg 평탄화 격자 16x32
................
................
1111111111111111
1555555555555541
1444444444444431
1542222222222431
1542333333334431
1542322222234431
1542323333434431
1542323333434431
1542323333434431
1542323333434431
1542323333434431
1542323333434431
1542334444434431
1542333333334431
1542333333334431
1542322222234431
1542323333434431
1542323333434431
1542323333434431
1542323335434431
1542323333234431
1542323333434431
1542323333434431
1542323333434431
1542323333434431
1542323333434431
1542334444434431
1542333333334431
1542222222224431
1111111111111111
