// hf3-C.pxg 평탄화 격자 16x32
................
................
0000000000000000
0555555555555540
0444444444444430
0541111111111430
0541423242324430
0541423242324430
0541423232324430
0541222222224430
0541353333534430
0541111111114430
0541423242224430
0541423242324430
0541422242324430
0541422242324430
0541422242424430
0541422244324430
0541423242224430
0541423242224430
0541423242224430
0541423232224430
0541222222224430
0541353333534430
0541111111114430
0541422242324430
0541422242324430
0541423242324430
0541423242324430
0541423242324430
0541423242324430
0000000000000000
