// pilot-A.pxg 평탄화 격자 16x32
................
................
1111111111111111
1555555555555551
1544444444444431
1532222222222431
1534333333332431
1534333333332431
1534322222332431
1534323334332431
1534323334332431
1534323434332431
1534323434332431
1534323334332431
1534323334332431
1534324444332431
1534333333332431
1534333333332431
1534322222332431
1534323334332431
1534323334542431
1534323334322431
1534323234332431
1534323234332431
1534323234332431
1534323334332431
1534323334332431
1534324444332431
1534333333332431
1534333333332431
1532222222222431
1531111111111431
