// hf2-B.pxg 평탄화 격자 32x32
22222222222222222222222222222222
66666666666666666666666666666666
33333333333333333333333333333333
22222222222222222222222222222222
66666666666666666666666666666665
66666666666666666666666666666665
66666666266666666666666626666665
66666662326666666666666232666665
66666622322666666666662232266665
66666223332266666666622333226665
66662233333226266666223333322625
66666223332266266666622333226625
66666622322666266666662232266625
66666662326666666666666232666665
66666666266666666666666626666665
66666666666666666666666666666665
66666666666666666666666666666665
66666666666666666666666666666665
66666666666666666666666666666665
66666666666666666666666666666665
66666666666666666666666666666665
44444444444444444444444444444444
55555555555555555555555555555555
22222222222222222222222222222222
11111111111111111111111111111111
13222222222222221322222222222222
13222222222222221322222222222222
13222222222222221322222222222222
13111111111111111311111111111111
44444444444444444444444444444444
22222222222222222222222222222222
00000000000000000000000000000000
