// hf2-A.pxg 평탄화 격자 32x32
11111111111111111111111111111111
55555555555555555555555555555555
33333333333333333333333333333333
33333333333333333333333333333333
55555555555555555555555555555554
55555555555555555555555555555554
55555555455555455555555545555544
55555555455554545555555545555454
55555555455555455555555545555544
55555455455455555555545545545554
55555554445555555555555444555554
55555555455555555555555545555554
55555555455555555555555545555554
55555555555545555555555555554554
55555555555454555555555555545454
55554555554555455555455555455544
55545455555454555554545555545454
55554555555545555555455555554554
55555555555555555555555555555554
55555555555555555555555555555554
55555555555555555555555555555554
44444444444444444444444444444444
55555555555555555555555555555555
44444444444444444444444444444444
22222222222222222222222222222222
42222222222222224222222222222222
42333333333333424233333333333342
42333333333333424233333333333342
44444444444444424444444444444442
55555555555555555555555555555555
22222222222222222222222222222222
11111111111111111111111111111111
