// hf2-C.pxg 평탄화 격자 32x32
11111111111111111111111111111111
54545454545454545454545454545454
23232323232323232323232323232323
22222222222222222222222222222222
44443444444434444444344444443443
44444344444344444444434444434443
44444434443444444444443444344443
44444443434444444444444343444443
54444444544444445444444454444443
44444443434444444444444343444443
44444434443444444444443444344443
44444344444344444444434444434443
44443444444434444444344444443443
44434444444443444443444444444343
44344444444444344434444444444433
43444444444444434344444444444443
54444444444444445444444444444443
43444444444444434344444444444443
44344444444444344434444444444433
44434444444443444443444444444343
44443444444434444444344444443443
33333333333333333333333333333333
44444444444444444444444444444444
44444444444444444444444444444444
22222222222222222222222222222222
15222222222222211522222222222221
15344343434434211534434343443421
15433334333343211543333433334321
15222222222222211522222222222221
55555555555555555555555555555555
33332222333322223333222233332222
11111111111111111111111111111111
