// hf5-B.pxg 평탄화 격자 32x32
22222222222222222222222222222222
55555555555555555555555555555555
33333333333333333333333333333333
33333333333333333333333333333333
66666666666666666666666666666643
66666666666666666666666666666643
66666666666666666666666666666643
66666666666666666666666666666643
66666666666666666666666666566643
66666666556666666666666666666643
66666666666666666666666666666643
66666666666666666666666666666643
66666666666666666666666666666643
66666666666666666666666666666643
66666666666666666666666666666643
66666666666666666666556666666643
66666666666666666666666666666643
66666666666666666666666666666643
66666666666666666666666666666643
66666666666666666666666666666643
66666666666666666666666666666643
66666666666666566666666666666643
66666666666666666666666666666643
66666666666666666666666666666643
66666666666666666666666666666643
66666666666666666666666666666643
66666666666666666666666666666643
66666666666666666666666666666643
33333333333333333333333333333333
22222222222222222222222222222221
11111111111111111111111111111110
00000000000000000000000000000000
