// hf5-A.pxg 평탄화 격자 32x32
22222222222222222222222222222222
66666666666666666666666666666666
44444444444444444444444444444444
44444444444444444444444444444444
55555555555555555555555555555554
55555555555555555555555555555554
55555555555555555554555555555554
55555445555555555555555555555554
55555555555555555555555555555554
55555555555555555555555565555554
55555555555555556555555555555554
55566555555555555555555555555554
55555555555555555555555555455554
55555555555555555555555555555554
55555555555544555555555555555554
55555555555555555555555555555554
55555555555555555555555555555554
55555555555555555555555555555554
55555555556555555555555555555554
55555555555555555555555555555554
55555555555555555555544555555554
55555555555555555555555555555554
55555555455555555555555555555554
55555555555555555565555555556554
55555555555555555555555555555554
55555555555555545555555555555554
55555555555555555555555555555554
55555555555555555555555555555554
55555555555555555555555555555555
33333333333333333333333333333332
22222222222222222222222222222221
11111111111111111111111111111110
