// hf5-C.pxg 평탄화 격자 32x32
22222222222222222222222222222222
55555555555555555555555555555555
33333333333333333333333333333333
22222222222222222222222222222222
44444444433444444444443344434443
44444444433444444444443344434443
44444444433444444444443344434443
44433344433444444444443344434443
44444444433444444444443344444443
44444444434444555544443344444443
44444444434444444444443444444443
44444444434444444444443444444443
44444444444444444444443444444443
44444444444444444444443554444453
44444444444444444444444444444443
44444444555444444444444444444443
44444444444444554444444444444443
44444444444444444444444444444443
44444444444433344444444444444443
44444444444444444444444444433343
44444444444444444444444444444443
44445444444444444444444444444443
44444555544444444444444444444443
44444444444444444444454444444443
44444444444444443334444444444443
44444444444444444444444444444443
44444444444444444444444444444443
44444444444444444444444444444443
55555555555555555555555555555555
33333333333333333333333333333332
22222222222222222222222222222221
11111111111111111111111111111110
