// h1-A.pxg 평탄화 격자 32x32
22223222242422222222221112222222
22223222223322222222221112222333
22222242423222222222222222222222
22222223222222222222222222222222
22222243422242422222222222222222
22222223222223222222222222222222
24242423222223222222224242222224
32223222222222222222222322222222
32223222222424322222222333222222
22222211133332222222222222142222
22222211122232222222222221322222
22222222222222222222222222322222
22222222222111122222222222222222
22222222222111122222222222424222
22222222222222222222222424234242
22222222222222222222222232232322
22222222222222222222222232222322
22222222222222222222222222222222
22222211122222222222222222222222
22222211122222222222222222211112
22222211122222111122222222111111
22222222222222111122222224241112
22222233222222112222222222322222
24222222122222222222222222322224
32222221222242422222222222222222
32222222222223222222222222222424
11222222222223222222222222222231
11122222222224244222222222222131
11222222222223342411222222222211
24222222222222333111222222222224
32222222222222223222222233222222
32242422224242222222221112222222
