// h1-B.pxg 평탄화 격자 32x32
31022222222151322243101431022224
20222222222143102222011120523222
22222211122222022222211112431022
22222211122222222222222222420022
22222222222222222252322211520222
22222222222222222243102211431022
22222222222225232222052311120222
22222222222224310222243152322222
22222442222111202222222043102222
22222221221111122252322222032222
22222212222111223343102224310222
22333322222252322222022222202222
22222225232243102322222222222222
32322224310222043102222222222252
10102222202222222022222222222243
02022523222222252322222222222222
22225431022222243102222222222222
22214310222222222022222222222222
22115202222222222222222222222222
31114310222222222222222222222252
10111202222222222222222222222243
02211122222222222222222222222222
32222222222222222222222222222252
13222222222222222222222222222245
31011122222222222222224422222244
20111112222222222222232212222222
33211122222222222222222122222223
22222222222222222222222222222222
22222222222222222222222222222222
22222222222222222222222222222222
22222222222222222222222222222222
23222333322222222252322523222225
