// h1-C.pxg 평탄화 격자 32x32
22222222244342211122211122222222
22222222443322222222211122222222
22222243422222222222222222222222
22222343222222222222222222222222
22222322222244322222221112222222
22222222222333222222221112222222
22222222222322122222222222222222
22222222222221222222222222222222
22222222222222222222222222223333
33222222222222222222222222222233
22222222222222222222222222222222
22222111122222222222222211122222
22221111112222222222222211122222
22222111122222222222222222222222
22222222222222233332222222233322
22222222222222222222222222222222
22222222222222222222222222222222
22222222222222222333333333222222
22222222222222443223333333222222
22222222222223422223333332222222
22222222222223222222333332112222
22222222222222222222222221112222
44322222222222222222433222222443
42222222222222222224432222223423
22222214432222222234222222223223
22222234122222222232211112244322
43223322222443222222211112344324
22222212223422222222222222342234
22222122223222222222222222344332
22222224432222443222222222342222
22222234222223422222222222322222
22222232222243311122222222222222
