// h55-C.pxg 평탄화 격자 32x32
................................
................................
11111111111111111111111111111111
16666666666666666666666666666661
13333333333333333333333333333331
12222222222222222222222222222221
13222255222222552222222222222231
13222233222222332222233222222231
13221333312213333122133333312231
13221533312215333122135333312231
13221533312215333122133335312231
13221333312213333122135333312231
13221333312213333122133333312231
13221333312213333122133333312231
13221111112211111122111111112231
16666666666666666666666666666661
16666666666666666666666666666661
13333333333333333333333333333331
12222222222222222222222222222221
13222222222222255225522222222231
13222133331222244224422225522231
13221353333122222222222223322231
13221322333122253225322133333131
13221322333122253225322153333131
13221333335122253225322153333131
13222133331222253225322133333131
13222111111222253225322111111131
16666666666666666666666666666661
16666666666666666666666666666661
13333333333333333333333333333331
13333333333333333333333333333331
11111111111111111111111111111111
