// h55-B.pxg 평탄화 격자 32x32
................................
................................
11111111111111111111111111111111
16666666666666666666666666666661
13333333333333333333333333333331
13111111111111111111111111111121
13333333333333333533333333355321
13333333333333335453333333455421
13334333433343354435333333344321
13335333533353343443334543334321
13354335433543333433345154332321
13354335433543334443334543332321
13343334333433333433333433332321
13322232223222334343331113312321
16666666666666666666666666666661
16666666666666666666666666666661
13333333333333333333333333333331
11111111111111111111111111111111
13111111111111111111111111111121
13333333333333333333333533333321
13333333333333333333335453333321
13333333334333433343354435334321
13334543335333533353343443335321
13345154354335433543333433354321
13334543354335433543334443354321
13333433343334333433333433343321
13331113322232223222334343322221
16666666666666666666666666666661
16666666666666666666666666666661
13333333333333333333333333333331
12222222222222222222222222222221
11111111111111111111111111111111
