// h55-D.pxg 평탄화 격자 32x32
................................
................................
.111111111111111111111111111111.
17777777777777777777777777777771
15555555555555555555555555555531
15333333333333333333333333333331
15222222222222222222222222222231
15333333333333333333333533333331
15335333533354333333334543353331
15333333333545333333333433333331
15345334533454333454333433453331
15346334633354334535333233453331
15343334333344335345333333433331
15323232323334333333333233232331
17777777777777777777777777777771
16666666666666666666666666666661
15555555555555455455555555555551
14444444444444445444444444444441
15222222222222222222222222222231
15335433333333353335333533333331
15354533333333333333333333345331
15345433345433463345334533344331
15335433453533453346334533456331
15334433534533433343334333453331
15333433333333232323232323233231
17777777777777777777777777777771
16666666666666666666666666666661
15555555555555555555555555555551
14444444444444444444444444444441
13333333333333333333333333333331
12222222222222222222222222222221
11111111111111111111111111111111
