// h55-A.pxg 평탄화 격자 32x32
................................
................................
16333333333333333333334433333331
16334433333333333333334433333331
16336433344333636363336433333331
16364433364334634634336433333331
16364433644334346343364433344331
16364433644333434343364433644331
16344333443333344433344333443331
16333333333333434343333333333331
16666666666666666666666666666631
16666666666666666666666666666631
16333333333333333333333333333331
16333333333333333333333333333331
16111111111111111111111111111131
16333333333334433333333343333331
16333333333334433333333444334331
16333646433336433344333444344431
16336433433364433344333242344431
16334433333364433364333342324231
16334643333364433644333342334231
16333433333344433443333342334231
16333333333333333333333342334231
16666666666666666666666666666631
16666666666666666666666666666631
16333333333333333333333333333331
16333333333333333333333333333331
16111111111111111111111111111131
13333333333333333333333333333331
13333333333333333333333333333331
13333333333333333333333333333331
11111111111111111111111111111111
