// h5-A.pxg 평탄화 격자 32x32
21111111211111112111111121111111
15555555155555551555555515555555
15444443154444431544444315444443
15444443154444431544434315444443
15443443154444431544444315444443
15444443154443431544444315444443
15444443154444431544444315444343
13333333133333331333333313333333
21111111211111112111111121111111
15555555155555551555555515555555
15444443154444431501444315444443
15444443154444431500144315444443
15444433154444431540114315344443
15444443154444431544004315444443
15444443154344431544400315444443
13333333133333331333330313333333
21111111211111112111111121111111
15555555155555551555555515555555
15444433154444431544444315224443
15333222134444431544444315222443
15432222134444431544444315222443
15332222133444431544444315224443
15432222134444431544444315444433
13333222133333331333333313223333
21111111211111112111112221111111
15555555155555551555552225555555
15444443154444431544442225444443
15444443134444431544442215444443
15444443154444431544444315434443
15444443154444431534442215444443
15444343154444431544444315444443
13333333133333331333333313333333
