// h5-B.pxg 평탄화 격자 32x32
10000000100000001000000010000000
04444444066666660666666604444444
04333332065555540655555404333332
04333332065555540655555404333332
04332332065555540645555404333332
04333332065455540655555404333332
04333332065555540655555404333232
02222222044444440444444402222222
10000000100000001000000010000000
04444444066666660666666606666666
04333332065555540655555406555554
04333332065555540655555406555554
04333322065555540654555406555554
04333332065555540655555406555554
04333332065555540655555406555554
02222222044444440444444404444444
10000000100000001000000010000000
04444444044444440666666606666666
04333332043333320655555406025554
04233332043333320655555406002554
04333332043333320655554406502254
04333332043333320655555406550054
04333332043333320655555406555004
02222222022222220444444404444404
10222222100000001000000010000000
04222212044444440444444404444444
04221000043333320433333204333332
04210000013333320433333204333332
04221000043333320433333204323332
04333312043333320423333204333332
04333232043333320433333204333332
02222222022222220222222202222222
