// h5-C.pxg 평탄화 격자 32x32
10000000100000001000000010000000
04444444044444440444444404444444
04333332043333320433333204333332
04333332043333320433323204333332
04332332043333320433333204333332
04333332043332320433333204333332
04333332223333320433333204333232
02222222112222220222222202222222
10000000001200001000000010000000
04444444040122440444444404444444
04333332043011220433333204333332
04333332043300122433333204333332
04333322043333011233333204233332
04333332043333300122333211333332
04333332043233320011232221333332
02222222022222220200122222122222
10000000100000001000012210100000
04444444044444440444400421444444
04333332043333320433333204333332
04233332043333320433333204333332
04333332043333320433333204333332
04333332043333320433333204333332
04333332043333320433333204333322
02222222022222220222222202222222
10000000100000001000000010000000
04111444044444440444444404444444
04013111043333320433333204333332
04001332113333320433333204333332
04301132043333320433333204323332
04330032043333320423333204333332
04333002043333320433333204333332
02222202022222220222222202222222
