// h1-A.pxg 평탄화 격자 16x32
.00000000000000.
0555555555555530
0511111111111120
0511111111112120
0511111111112120
0511111111111220
0511111111111220
0511111111112120
0511133111111120
0511311111111120
0511114114111120
0511522442231120
0511560440631120
0511560440631120
0511533443331120
0511144434311120
0511144424311120
0511114224111120
0511111311111120
0511111111111120
0501111331111120
0501111221111120
0511122331111120
0511222531111120
0511225213111120
0511252211311120
0512122211111120
0521212211111120
0522122211111120
0512222211111120
0322222222222210
.00000000000000.
