// hf3-A.pxg 평탄화 격자 16x32
................
................
0000000000000000
0666666666666650
0555555555555540
0653333333333540
0653222222223540
0653211111423540
0653213333423540
0653213333423540
0653213333423540
0653213333423540
0653213333423540
0653213333423540
0653213333423540
0653244444423540
0653222222223540
0653211111423540
0653213333423540
0653213333423540
0653213333523540
0653213335423540
0653213333423540
0653213333423540
0653213333423540
0653213333423540
0653213333423540
0653213333423540
0653213333423540
0653244444423540
0653222222223540
1111111111111111
