// hf3-B.pxg 평탄화 격자 16x32
................
................
0000000000000000
0666666666666650
0666666666666650
0664444444444650
0664000000004650
0664033333204650
0664030000204650
0664030000204650
0664030000204650
0664030000204650
0664030000204650
0664030000204650
0664030000204650
0664022222204650
0664000000004650
0664033333204650
0664030000204650
0664030000204650
0664030000604650
0664030006604650
0664030004604650
0664030000204650
0664030000204650
0664030000204650
0664030000204650
0664030000204650
0664030000204650
0664022222204650
0664000000004650
2222222222222222
