// hf3-C.pxg 평탄화 격자 16x32
................
................
0000000000000000
0666666666666650
0555555555555540
0653333333333540
0653111111113540
0653133333013540
0653132222013540
0353132222013540
0333132222013540
0333132222013540
0653100000013540
0653111111113340
0653133333013330
0653132222013330
0653132222013540
0653132222013540
0633132222013540
0333132332013540
0333134224013540
0653132222013540
0653132222013540
0653132222013540
0653132222513340
0653132222413340
0653132222413340
0653132222013540
0653132222013540
0653100000013540
0653111111113540
2222222222222222
