// h1-B.pxg 평탄화 격자 16x32
3102222222215132
2022222222214310
2222254444222202
2225544423333222
2254443333333222
2244343333323222
2434333332332223
2243333233222231
2233323332221120
2222333322111112
2255444444444122
2251111111111132
2250000000000310
3250000000000104
1351222222221122
0251011111101125
2251011111101124
2251011111101122
2251000000000122
3151000000000122
1051000000000122
0251000000000122
3251000000000122
1351000000000122
3151000000000122
2051000000000122
3331000000000122
2251000000000122
2241000000000122
2211111111111122
2222222222222222
2322233332222222
