// h1-C.pxg 평탄화 격자 16x32
2222222224434221
2222222244332222
2222244444222222
2224444423333222
2244443333333232
2244343333323222
2434333332332222
2243333233222222
2233323332221122
3322333322111222
2244444444444122
2241111111111122
2240000000000322
2240000000000122
2341222222221123
2241011111101122
2241011111101122
2241011111101122
2240000000000144
2240000000000142
2240000000000122
2240000000000122
4440000000000122
4240000000000122
2240000000000122
2240000000000122
4330006060600122
2240605040460122
2240443333340122
2211222222221144
2222523422242342
2222223222224331
