// hf2-B.pxg 평탄화 격자 32x32
66666666666666666666666666666666
55555555555551555555555555555555
55555555555551555555555555555555
55555555555551555555555555555555
55555555555551555555555555555555
55555555555551555555555555555555
55555555555551555555555555555555
11111111111111111111111111111111
44444444444444444444444444444444
33333333333333333333333333333333
33333333333333333333333333333333
33333333333333333333333333333333
33333333333333333333333333333333
33333333333333333333333333333333
33333333333333333333333333333333
11111111111111111111111111111111
55555555555555555555555555555555
44444444444444444444444444414444
44444444444444444444444444414444
44444444444444444444444444414444
44444444444444444444444444414444
44444444444444444444444444414444
44444444444444444444444444414444
11111111111111111111111111111111
44444444444444444444444444444444
33333333333333333333333333333333
33333333333333333333333333333333
33333333333333333333333333333333
33333333333333333333333333333333
33333333333333333333333333333333
33333333333333333333333333333333
11111111111111111111111111111111
