// hf2-A.pxg 평탄화 격자 32x32
44444444444444444444425544444444
44444444444444444444424444444444
44433333333333344444424444444444
22222222222222222222222222222222
33333333333333333333333333333333
33333333333333333333222222222233
33333333333333333333333333333333
22222222222222222222222222222222
44444442554444444444444444444444
44444442444444444444444444324444
44444442444444444444444444234444
22222222222222222222222222222222
33333333333333333333333333332443
33333333333333333333333333332333
33333222222222222222333333332333
22222222222222222222222222222222
44444444444444444444444444444444
44444444444433333333333333334444
44444444444444444444444444444444
22222222222222222222222222222222
44444444444444255444444444444444
44444444444444244444444444444444
44444444444444244444444444444444
22222222222222222222222222222222
33244333333333333333333333333333
33233333333333332222222222333333
33233333333333333333333333333333
22222222222222222222222222222222
44444444444444444444444444444444
44444444444444444444444444444444
33334444444444444444443333333333
22222222222222222222222222222222
