// w8-C.pxg 평탄화 격자 16x32
......1111......
....16677631....
...1666666631...
..166666666631..
.16666666666631.
.16666666666631.
1777777777777771
1333333333333331
1611111111111131
1625642111121231
1621531641661231
1621421535653231
1622531424332231
1621421421222231
1676666666666531
1633333333333331
1621211112111231
1622661126611231
1625653256532231
1624332143321231
1666226662266631
1633333333333331
1625555555555231
1625444354443231
1625444354443231
1625447357443231
1625444354443231
1623333333333231
1766666666666661
1111111111111111
1555555555555441
1111111111111111
