// w90-A.pxg 평탄화 격자 16x32
................
0222222222222220
0544444444444440
0544444444444440
0544444444444440
0666666666666660
0333333333333330
0111111111111110
0500006406406460
0544463463463460
0544452452452460
0544534534534460
0544244244244460
0666666666666660
0666666666666660
0500000000000060
0544446644466460
0544662246622460
0544332443324460
0666666666666660
0666666666666660
0500000000000060
0544664664544460
0542332332324460
0544466466454460
0544233233232460
0544664655444460
0542332333244460
0666666666666660
0666666666666660
0544444444444460
0000000000000000
