// hf7-C.pxg 평탄화 격자 32x32
22222222222222222222222222222222
22222222222222222222222222222222
22222222222232222222222222222222
22112222222223322222222222221222
22222222222222232222222222222222
22222222222222223322222222222222
22222222222222222232222222222222
22222222222222222223322222222222
22222233322222222222232222222222
22222222222222222222222222222222
22222221122222222222222222222222
22222222222222222222222222222222
22222222222222122222222222333222
22222222222222222222222222222222
22222222222222222222222222211222
22222222222222222222222222222212
22222222222222222222222222222222
22223333332222222222222222222222
22233333333322233322222222222222
22233333333332222222222222222222
22223333333322221122222222222222
22222222222222222222221001122222
22222222222222222222221111122222
22222222222222222222222111222222
22222222222222222222222222222222
22222222222222224222222222222222
22222222222222222222222222222222
22222222222222222222222222221222
22222222222222222222222222222222
22222222112222222222222222222222
22222222222222222222222222222222
22222222222222222222222222222222
