// hf7-B.pxg 평탄화 격자 32x32
33333333333333333333333333333333
33333333333333333333333333333333
33333333333333133333333333333333
33311333333333333333333333333333
33331333333333333333333333333333
33333333333333333333333333333333
33333333333333333333331133333333
33333333333333333333333333333333
33333333333333333333333333333333
33333333333333333333333333333333
33333333333333333333333333333333
33333333344443333333333333333333
33333334444444433333333333331333
33333344444444443333333333333333
33333344444444443333333333333333
33333334444444433333333333333333
33333333344443333333333333333333
33333333333333333333334443333333
33333333333333333333333333333333
33344433333333333333333113333333
33333333333333333333333333333333
33331133333333333333333333333333
33333333333333333333333333333333
33333333333333333333333333333333
33333333333333333333333333333333
33333311333333333333333333333333
33333331333333333333333333333333
33333333333333333311333333333333
33333333333333333333333333333333
33333333333333333333333333333333
33333333333333333333333333333333
33333333333333333333333333333333
