// w6-B.pxg 평탄화 격자 48x32
666655555555555555555555555555555555555555554444
023444444444444444444444444444444444444444444320
023000000000000000000000000000000000000000000320
023211121112111211121112111211121112111211121320
023211121112111211121112111211121112111211121320
023011101110111011101110111011101110111011101320
023111111111111111111111111111111111111111111320
023111111111111111111111111111111111111111111320
023111111111111111111111111111111111111111111320
023111111111111111111111111111111111111111111320
023111111111111111111111111111111111111111111320
023111111111111111111111111111111111111111111320
023233333333333333333333333333333333333332221320
023233333333333333333333333333333333333332221320
023122222222222222222222222222222222222221111320
023111111111111111111111111111111111111111111320
023111111111111111111111111111111111111111111320
023344444444444444444444444444444444444443331320
023344444444444444444444444444444444444443331320
023233333333333333333333333333333333333332221320
023111111111111111111111111111111111111111111320
023111111111111111111111111111111111111111111320
023455555555555555555555555555555555555554441320
023455555555555555555555555555555555555554441320
023344444444444444444444444444444444444443331320
023122222222222222222222222222222222222221111320
023111111111111111111111111111111111111111111320
023566666666666666666666666666666666666665552320
023566666666666666666666666666666666666666663320
02345555555555555555555555555555555555----------
02323333333333333333333333333333333333----~~~~~~
023122222222222222222222222222222222222222221320
